frame,n_hydrophobic,n_polar,n_pos_charged,n_neg_charged,n_other,n_total,frac_hydrophobic
0,15,1,3,1,0,20,0.75
1,13,1,3,1,0,18,0.7222222222222222
2,14,0,3,1,0,18,0.7777777777777778
3,14,1,3,1,0,19,0.7368421052631579
4,15,1,3,1,0,20,0.75
5,15,1,3,1,0,20,0.75
6,15,2,3,1,0,21,0.7142857142857143
7,14,1,3,1,0,19,0.7368421052631579
8,15,0,3,1,0,19,0.7894736842105263
9,14,1,3,1,0,19,0.7368421052631579
10,14,0,3,1,0,18,0.7777777777777778
11,15,0,3,1,0,19,0.7894736842105263
12,13,0,3,1,0,17,0.7647058823529411
13,14,1,3,1,0,19,0.7368421052631579
14,13,1,3,1,0,18,0.7222222222222222
15,14,1,3,1,0,19,0.7368421052631579
16,13,1,3,1,0,18,0.7222222222222222
17,12,2,3,1,0,18,0.6666666666666666
18,14,1,3,1,0,19,0.7368421052631579
19,14,1,3,1,0,19,0.7368421052631579
20,14,1,3,1,0,19,0.7368421052631579
21,13,0,3,1,0,17,0.7647058823529411
22,12,1,3,1,0,17,0.7058823529411765
23,14,1,3,1,0,19,0.7368421052631579
24,12,1,3,1,0,17,0.7058823529411765
25,15,1,3,1,0,20,0.75
26,14,1,3,1,0,19,0.7368421052631579
27,14,1,3,1,0,19,0.7368421052631579
28,14,2,3,1,0,20,0.7
29,11,1,3,1,0,16,0.6875
30,14,0,3,1,0,18,0.7777777777777778
31,13,1,3,1,0,18,0.7222222222222222
32,13,1,3,1,0,18,0.7222222222222222
33,15,0,3,1,0,19,0.7894736842105263
34,14,0,3,1,0,18,0.7777777777777778
35,15,0,3,1,0,19,0.7894736842105263
36,14,0,3,1,0,18,0.7777777777777778
37,14,1,3,1,0,19,0.7368421052631579
38,14,2,3,1,0,20,0.7
39,15,0,2,1,0,18,0.8333333333333334
40,14,1,2,1,0,18,0.7777777777777778
41,13,0,3,1,0,17,0.7647058823529411
42,15,0,3,1,0,19,0.7894736842105263
43,13,0,3,1,0,17,0.7647058823529411
44,15,0,3,1,0,19,0.7894736842105263
45,13,0,3,1,0,17,0.7647058823529411
46,15,0,3,1,0,19,0.7894736842105263
47,14,0,3,1,0,18,0.7777777777777778
48,15,1,3,1,0,20,0.75
49,15,1,3,1,0,20,0.75
50,15,0,3,1,0,19,0.7894736842105263
51,15,0,3,1,0,19,0.7894736842105263
52,16,0,3,1,0,20,0.8
53,15,0,3,1,0,19,0.7894736842105263
54,14,0,3,1,0,18,0.7777777777777778
55,14,1,3,1,0,19,0.7368421052631579
56,16,0,3,1,0,20,0.8
57,13,0,3,1,0,17,0.7647058823529411
58,14,0,3,1,0,18,0.7777777777777778
59,16,0,3,1,0,20,0.8
60,15,0,3,1,0,19,0.7894736842105263
61,14,0,3,1,0,18,0.7777777777777778
62,15,1,3,1,0,20,0.75
63,14,0,3,1,0,18,0.7777777777777778
64,15,1,2,1,0,19,0.7894736842105263
65,15,0,3,1,0,19,0.7894736842105263
66,15,1,3,1,0,20,0.75
67,15,1,3,1,0,20,0.75
68,15,0,3,1,0,19,0.7894736842105263
69,13,0,3,1,0,17,0.7647058823529411
70,15,1,3,1,0,20,0.75
71,15,1,4,1,0,21,0.7142857142857143
72,15,0,3,1,0,19,0.7894736842105263
73,15,1,3,1,0,20,0.75
74,14,1,3,1,0,19,0.7368421052631579
75,14,0,3,1,0,18,0.7777777777777778
76,15,0,3,1,0,19,0.7894736842105263
77,15,0,3,1,0,19,0.7894736842105263
78,15,0,3,1,0,19,0.7894736842105263
79,14,1,3,1,0,19,0.7368421052631579
80,14,0,3,1,0,18,0.7777777777777778
81,13,0,3,1,0,17,0.7647058823529411
82,15,0,3,1,0,19,0.7894736842105263
83,14,1,3,1,0,19,0.7368421052631579
84,14,0,3,1,0,18,0.7777777777777778
85,13,0,3,1,0,17,0.7647058823529411
86,15,0,3,1,0,19,0.7894736842105263
87,14,0,3,1,0,18,0.7777777777777778
88,14,0,3,1,0,18,0.7777777777777778
89,14,0,3,1,0,18,0.7777777777777778
90,13,0,3,1,0,17,0.7647058823529411
91,14,0,3,1,0,18,0.7777777777777778
92,15,0,4,1,0,20,0.75
93,15,0,3,1,0,19,0.7894736842105263
94,12,0,4,1,0,17,0.7058823529411765
95,14,0,3,1,0,18,0.7777777777777778
96,13,0,3,1,0,17,0.7647058823529411
97,14,0,3,1,0,18,0.7777777777777778
98,13,0,3,1,0,17,0.7647058823529411
99,15,0,3,1,0,19,0.7894736842105263
100,12,0,3,1,0,16,0.75
101,14,0,3,1,0,18,0.7777777777777778
102,13,0,3,1,0,17,0.7647058823529411
103,14,0,3,1,0,18,0.7777777777777778
104,15,0,3,1,0,19,0.7894736842105263
105,14,0,3,1,0,18,0.7777777777777778
106,13,0,3,1,0,17,0.7647058823529411
107,14,0,3,1,0,18,0.7777777777777778
108,14,0,3,1,0,18,0.7777777777777778
109,14,0,3,1,0,18,0.7777777777777778
110,14,0,3,1,0,18,0.7777777777777778
111,17,0,3,1,0,21,0.8095238095238095
112,15,0,3,1,0,19,0.7894736842105263
113,15,0,3,1,0,19,0.7894736842105263
114,12,0,3,1,0,16,0.75
115,17,0,3,1,0,21,0.8095238095238095
116,14,0,3,1,0,18,0.7777777777777778
117,15,0,3,1,0,19,0.7894736842105263
118,13,0,3,1,0,17,0.7647058823529411
119,15,0,3,1,0,19,0.7894736842105263
120,14,0,3,1,0,18,0.7777777777777778
121,14,0,2,1,0,17,0.8235294117647058
122,12,0,3,1,0,16,0.75
123,13,0,3,1,0,17,0.7647058823529411
124,13,0,4,1,0,18,0.7222222222222222
125,14,0,3,1,0,18,0.7777777777777778
126,15,0,3,1,0,19,0.7894736842105263
127,13,1,3,1,0,18,0.7222222222222222
128,15,0,3,1,0,19,0.7894736842105263
129,14,0,3,1,0,18,0.7777777777777778
130,14,0,4,1,0,19,0.7368421052631579
131,15,1,4,1,0,21,0.7142857142857143
132,14,0,3,1,0,18,0.7777777777777778
133,14,0,3,1,0,18,0.7777777777777778
134,14,0,3,1,0,18,0.7777777777777778
135,13,1,3,1,0,18,0.7222222222222222
136,13,0,3,1,0,17,0.7647058823529411
137,12,0,2,1,0,15,0.8
138,15,0,3,1,0,19,0.7894736842105263
139,15,1,3,1,0,20,0.75
140,14,0,2,1,0,17,0.8235294117647058
141,13,0,2,1,0,16,0.8125
142,13,0,2,1,0,16,0.8125
143,15,1,3,1,0,20,0.75
144,15,0,3,1,0,19,0.7894736842105263
145,13,0,3,1,0,17,0.7647058823529411
146,15,1,3,1,0,20,0.75
147,16,0,3,1,0,20,0.8
148,14,0,3,1,0,18,0.7777777777777778
149,13,0,3,1,0,17,0.7647058823529411
150,13,0,3,1,0,17,0.7647058823529411
151,14,0,3,1,0,18,0.7777777777777778
152,14,1,3,1,0,19,0.7368421052631579
153,15,1,3,1,0,20,0.75
154,14,0,3,1,0,18,0.7777777777777778
155,13,1,3,1,0,18,0.7222222222222222
156,15,1,3,1,0,20,0.75
157,13,1,3,1,0,18,0.7222222222222222
158,14,0,3,1,0,18,0.7777777777777778
159,14,0,3,1,0,18,0.7777777777777778
160,15,0,3,1,0,19,0.7894736842105263
161,14,0,2,1,0,17,0.8235294117647058
162,15,0,3,1,0,19,0.7894736842105263
163,16,0,2,1,0,19,0.8421052631578947
164,13,0,3,1,0,17,0.7647058823529411
165,13,0,2,1,0,16,0.8125
166,14,1,3,1,0,19,0.7368421052631579
167,14,0,2,1,0,17,0.8235294117647058
168,13,0,3,1,0,17,0.7647058823529411
169,14,0,3,1,0,18,0.7777777777777778
170,14,0,3,1,0,18,0.7777777777777778
171,13,0,3,1,0,17,0.7647058823529411
172,14,0,2,1,0,17,0.8235294117647058
173,14,1,3,1,0,19,0.7368421052631579
174,13,1,3,1,0,18,0.7222222222222222
175,14,0,3,1,0,18,0.7777777777777778
176,11,0,3,1,0,15,0.7333333333333333
177,13,0,3,1,0,17,0.7647058823529411
178,14,0,3,1,0,18,0.7777777777777778
179,12,0,4,1,0,17,0.7058823529411765
180,12,0,3,1,0,16,0.75
181,13,0,2,1,0,16,0.8125
182,16,0,3,1,0,20,0.8
183,14,0,2,1,0,17,0.8235294117647058
184,15,0,3,1,0,19,0.7894736842105263
185,13,0,4,1,0,18,0.7222222222222222
186,13,0,3,1,0,17,0.7647058823529411
187,13,0,2,1,0,16,0.8125
188,12,0,3,1,0,16,0.75
189,14,0,3,1,0,18,0.7777777777777778
190,14,0,3,1,0,18,0.7777777777777778
191,16,0,3,1,0,20,0.8
192,16,0,3,1,0,20,0.8
193,14,0,4,1,0,19,0.7368421052631579
194,13,0,3,1,0,17,0.7647058823529411
195,13,0,3,1,0,17,0.7647058823529411
196,15,0,3,1,0,19,0.7894736842105263
197,14,0,3,1,0,18,0.7777777777777778
198,12,0,3,1,0,16,0.75
199,13,0,3,1,0,17,0.7647058823529411
200,14,0,3,1,0,18,0.7777777777777778
201,15,1,3,1,0,20,0.75
202,14,0,3,1,0,18,0.7777777777777778
203,13,0,3,1,0,17,0.7647058823529411
204,14,1,3,1,0,19,0.7368421052631579
205,13,0,3,1,0,17,0.7647058823529411
206,14,1,3,1,0,19,0.7368421052631579
207,14,0,3,1,0,18,0.7777777777777778
208,13,1,3,1,0,18,0.7222222222222222
209,13,1,3,1,0,18,0.7222222222222222
210,14,0,3,1,0,18,0.7777777777777778
211,13,0,3,1,0,17,0.7647058823529411
212,12,0,3,1,0,16,0.75
213,14,0,3,1,0,18,0.7777777777777778
214,14,0,3,1,0,18,0.7777777777777778
215,15,1,3,1,0,20,0.75
216,14,0,3,1,0,18,0.7777777777777778
217,13,0,3,1,0,17,0.7647058823529411
218,13,0,3,1,0,17,0.7647058823529411
219,16,0,3,1,0,20,0.8
220,15,0,3,1,0,19,0.7894736842105263
221,13,0,3,1,0,17,0.7647058823529411
222,14,0,3,1,0,18,0.7777777777777778
223,15,0,4,1,0,20,0.75
224,13,0,4,1,0,18,0.7222222222222222
225,15,0,3,1,0,19,0.7894736842105263
226,15,0,3,1,0,19,0.7894736842105263
227,12,0,4,1,0,17,0.7058823529411765
228,14,0,4,1,0,19,0.7368421052631579
229,15,0,3,1,0,19,0.7894736842105263
230,13,0,4,1,0,18,0.7222222222222222
231,12,0,4,1,0,17,0.7058823529411765
232,14,0,3,1,0,18,0.7777777777777778
233,13,0,3,1,0,17,0.7647058823529411
234,14,0,3,1,0,18,0.7777777777777778
235,14,0,3,1,0,18,0.7777777777777778
236,15,0,3,1,0,19,0.7894736842105263
237,15,0,3,1,0,19,0.7894736842105263
238,11,0,3,1,0,15,0.7333333333333333
239,14,0,3,1,0,18,0.7777777777777778
240,15,0,2,1,0,18,0.8333333333333334
241,12,0,2,1,0,15,0.8
242,12,0,2,1,0,15,0.8
243,14,0,3,1,0,18,0.7777777777777778
244,14,0,3,1,0,18,0.7777777777777778
245,13,0,4,1,0,18,0.7222222222222222
246,14,0,3,1,0,18,0.7777777777777778
247,12,0,2,1,0,15,0.8
248,15,0,3,1,0,19,0.7894736842105263
249,15,0,3,1,0,19,0.7894736842105263
250,15,0,3,1,0,19,0.7894736842105263
251,13,0,2,1,0,16,0.8125
252,14,0,3,1,0,18,0.7777777777777778
253,13,1,1,1,0,16,0.8125
254,14,1,3,1,0,19,0.7368421052631579
255,14,1,3,1,0,19,0.7368421052631579
256,15,1,2,1,0,19,0.7894736842105263
257,12,1,3,1,0,17,0.7058823529411765
258,14,0,3,1,0,18,0.7777777777777778
259,12,1,3,1,0,17,0.7058823529411765
260,15,1,3,1,0,20,0.75
261,15,1,3,1,0,20,0.75
262,15,1,2,1,0,19,0.7894736842105263
263,13,0,3,1,0,17,0.7647058823529411
264,12,1,3,1,0,17,0.7058823529411765
265,12,0,3,1,0,16,0.75
266,14,1,3,1,0,19,0.7368421052631579
267,13,1,3,1,0,18,0.7222222222222222
268,12,1,3,1,0,17,0.7058823529411765
269,14,0,3,1,0,18,0.7777777777777778
270,14,1,3,1,0,19,0.7368421052631579
271,14,0,3,1,0,18,0.7777777777777778
272,15,1,3,1,0,20,0.75
273,13,1,3,1,0,18,0.7222222222222222
274,16,1,3,1,0,21,0.7619047619047619
275,15,1,3,1,0,20,0.75
276,14,1,2,1,0,18,0.7777777777777778
277,15,1,3,1,0,20,0.75
278,14,1,3,1,0,19,0.7368421052631579
279,13,0,3,1,0,17,0.7647058823529411
280,14,1,3,1,0,19,0.7368421052631579
281,16,1,3,1,0,21,0.7619047619047619
282,14,0,2,1,0,17,0.8235294117647058
283,15,1,3,1,0,20,0.75
284,11,1,3,1,0,16,0.6875
285,14,1,3,1,0,19,0.7368421052631579
286,13,1,3,1,0,18,0.7222222222222222
287,15,1,3,1,0,20,0.75
288,14,1,3,1,0,19,0.7368421052631579
289,15,1,3,1,0,20,0.75
290,15,1,3,1,0,20,0.75
291,15,0,2,1,0,18,0.8333333333333334
292,16,0,2,1,0,19,0.8421052631578947
293,15,1,2,1,0,19,0.7894736842105263
294,15,1,3,1,0,20,0.75
295,14,1,3,1,0,19,0.7368421052631579
296,13,1,3,1,0,18,0.7222222222222222
297,16,1,2,1,0,20,0.8
298,15,0,2,1,0,18,0.8333333333333334
299,14,1,2,1,0,18,0.7777777777777778
300,16,1,3,1,0,21,0.7619047619047619
301,15,1,2,1,0,19,0.7894736842105263
302,14,1,2,1,0,18,0.7777777777777778
303,14,1,3,1,0,19,0.7368421052631579
304,14,1,2,1,0,18,0.7777777777777778
305,16,1,2,1,0,20,0.8
306,16,1,3,1,0,21,0.7619047619047619
307,16,1,2,1,0,20,0.8
308,15,1,2,1,0,19,0.7894736842105263
309,14,1,2,1,0,18,0.7777777777777778
310,15,0,2,1,0,18,0.8333333333333334
311,14,0,1,1,0,16,0.875
312,17,1,2,1,0,21,0.8095238095238095
313,14,1,2,1,0,18,0.7777777777777778
314,14,1,2,1,0,18,0.7777777777777778
315,13,1,2,1,0,17,0.7647058823529411
316,14,1,3,1,0,19,0.7368421052631579
317,13,1,2,1,0,17,0.7647058823529411
318,13,1,2,1,0,17,0.7647058823529411
319,16,1,1,1,0,19,0.8421052631578947
320,15,1,2,1,0,19,0.7894736842105263
321,14,1,1,1,0,17,0.8235294117647058
322,15,2,3,1,0,21,0.7142857142857143
323,15,1,2,1,0,19,0.7894736842105263
324,16,0,2,1,0,19,0.8421052631578947
325,16,0,3,1,0,20,0.8
326,15,1,2,1,0,19,0.7894736842105263
327,14,1,3,1,0,19,0.7368421052631579
328,14,1,3,1,0,19,0.7368421052631579
329,15,0,3,1,0,19,0.7894736842105263
330,16,1,3,1,0,21,0.7619047619047619
331,16,1,3,1,0,21,0.7619047619047619
332,15,0,3,1,0,19,0.7894736842105263
333,16,1,2,1,0,20,0.8
334,17,0,2,1,0,20,0.85
335,13,1,2,1,0,17,0.7647058823529411
336,14,1,3,1,0,19,0.7368421052631579
337,16,1,3,1,0,21,0.7619047619047619
338,13,1,3,1,0,18,0.7222222222222222
339,15,1,3,1,0,20,0.75
340,13,1,2,1,0,17,0.7647058823529411
341,14,1,3,1,0,19,0.7368421052631579
342,17,1,3,1,0,22,0.7727272727272727
343,15,1,3,1,0,20,0.75
344,15,0,2,1,0,18,0.8333333333333334
345,15,0,3,1,0,19,0.7894736842105263
346,15,0,3,1,0,19,0.7894736842105263
347,15,0,3,1,0,19,0.7894736842105263
348,15,0,3,1,0,19,0.7894736842105263
349,14,1,2,1,0,18,0.7777777777777778
350,15,0,3,1,0,19,0.7894736842105263
351,15,0,3,1,0,19,0.7894736842105263
352,15,0,3,1,0,19,0.7894736842105263
353,14,1,3,1,0,19,0.7368421052631579
354,16,1,2,1,0,20,0.8
355,15,0,2,1,0,18,0.8333333333333334
356,13,0,3,1,0,17,0.7647058823529411
357,14,0,3,1,0,18,0.7777777777777778
358,13,1,3,1,0,18,0.7222222222222222
359,15,1,3,1,0,20,0.75
360,13,0,3,1,0,17,0.7647058823529411
361,14,1,3,1,0,19,0.7368421052631579
362,15,1,3,1,0,20,0.75
363,15,1,3,1,0,20,0.75
364,14,0,3,1,0,18,0.7777777777777778
365,13,0,2,1,0,16,0.8125
366,14,0,3,1,0,18,0.7777777777777778
367,14,1,3,1,0,19,0.7368421052631579
368,14,1,2,1,0,18,0.7777777777777778
369,14,1,3,1,0,19,0.7368421052631579
370,15,1,3,1,0,20,0.75
371,16,0,3,1,0,20,0.8
372,16,1,3,1,0,21,0.7619047619047619
373,16,0,3,1,0,20,0.8
374,15,1,3,1,0,20,0.75
375,13,1,3,1,0,18,0.7222222222222222
376,14,1,3,1,0,19,0.7368421052631579
377,13,0,3,1,0,17,0.7647058823529411
378,14,1,3,1,0,19,0.7368421052631579
379,14,0,3,1,0,18,0.7777777777777778
380,14,1,3,1,0,19,0.7368421052631579
381,16,1,3,1,0,21,0.7619047619047619
382,16,1,2,1,0,20,0.8
383,14,1,3,1,0,19,0.7368421052631579
384,15,1,3,1,0,20,0.75
385,15,1,3,1,0,20,0.75
386,15,1,2,1,0,19,0.7894736842105263
387,16,0,2,1,0,19,0.8421052631578947
388,14,1,3,1,0,19,0.7368421052631579
389,15,0,3,1,0,19,0.7894736842105263
390,13,1,2,1,0,17,0.7647058823529411
391,15,1,2,1,0,19,0.7894736842105263
392,16,1,2,1,0,20,0.8
393,16,1,2,1,0,20,0.8
394,15,1,2,1,0,19,0.7894736842105263
395,14,1,3,1,0,19,0.7368421052631579
396,14,0,2,1,0,17,0.8235294117647058
397,14,1,3,1,0,19,0.7368421052631579
398,15,0,3,1,0,19,0.7894736842105263
399,14,0,3,1,0,18,0.7777777777777778
400,13,1,3,1,0,18,0.7222222222222222
401,16,1,3,1,0,21,0.7619047619047619
402,16,1,3,1,0,21,0.7619047619047619
403,15,1,3,1,0,20,0.75
404,13,0,3,1,0,17,0.7647058823529411
405,14,1,3,1,0,19,0.7368421052631579
406,15,0,3,1,0,19,0.7894736842105263
407,14,0,3,1,0,18,0.7777777777777778
408,14,0,3,1,0,18,0.7777777777777778
409,13,1,3,1,0,18,0.7222222222222222
410,14,0,2,1,0,17,0.8235294117647058
411,17,0,2,1,0,20,0.85
412,13,1,3,1,0,18,0.7222222222222222
413,16,1,3,1,0,21,0.7619047619047619
414,16,1,2,1,0,20,0.8
415,13,1,3,1,0,18,0.7222222222222222
416,16,1,3,1,0,21,0.7619047619047619
417,15,1,3,1,0,20,0.75
418,14,1,3,1,0,19,0.7368421052631579
419,14,0,3,1,0,18,0.7777777777777778
420,14,1,3,1,0,19,0.7368421052631579
421,12,0,3,1,0,16,0.75
422,14,1,3,1,0,19,0.7368421052631579
423,14,1,3,1,0,19,0.7368421052631579
424,14,0,3,1,0,18,0.7777777777777778
425,16,1,3,1,0,21,0.7619047619047619
426,13,1,3,1,0,18,0.7222222222222222
427,14,0,3,1,0,18,0.7777777777777778
428,15,1,2,1,0,19,0.7894736842105263
429,16,1,3,1,0,21,0.7619047619047619
430,15,1,2,1,0,19,0.7894736842105263
431,15,1,3,1,0,20,0.75
432,14,1,2,1,0,18,0.7777777777777778
433,14,1,3,1,0,19,0.7368421052631579
434,15,1,3,1,0,20,0.75
435,15,0,2,1,0,18,0.8333333333333334
436,15,1,3,1,0,20,0.75
437,14,1,3,1,0,19,0.7368421052631579
438,14,0,3,1,0,18,0.7777777777777778
439,13,1,3,1,0,18,0.7222222222222222
440,13,0,3,1,0,17,0.7647058823529411
441,15,0,3,1,0,19,0.7894736842105263
442,14,1,3,1,0,19,0.7368421052631579
443,14,0,3,1,0,18,0.7777777777777778
444,15,1,3,1,0,20,0.75
445,15,0,3,1,0,19,0.7894736842105263
446,15,0,3,1,0,19,0.7894736842105263
447,15,0,3,1,0,19,0.7894736842105263
448,15,1,2,1,0,19,0.7894736842105263
449,15,0,3,1,0,19,0.7894736842105263
450,15,0,3,1,0,19,0.7894736842105263
451,15,1,3,1,0,20,0.75
452,16,1,3,1,0,21,0.7619047619047619
453,15,0,3,1,0,19,0.7894736842105263
454,15,1,3,1,0,20,0.75
455,14,0,3,1,0,18,0.7777777777777778
456,13,1,3,1,0,18,0.7222222222222222
457,15,0,3,1,0,19,0.7894736842105263
458,15,1,3,1,0,20,0.75
459,15,1,3,1,0,20,0.75
460,15,0,3,1,0,19,0.7894736842105263
461,14,1,3,1,0,19,0.7368421052631579
462,14,0,3,1,0,18,0.7777777777777778
463,14,0,3,1,0,18,0.7777777777777778
464,16,1,3,1,0,21,0.7619047619047619
465,14,1,3,1,0,19,0.7368421052631579
466,16,1,3,1,0,21,0.7619047619047619
467,15,1,3,1,0,20,0.75
468,16,1,2,1,0,20,0.8
469,14,1,2,1,0,18,0.7777777777777778
470,14,1,2,1,0,18,0.7777777777777778
471,16,1,3,1,0,21,0.7619047619047619
472,15,1,2,1,0,19,0.7894736842105263
473,16,1,3,1,0,21,0.7619047619047619
474,15,1,3,1,0,20,0.75
475,14,1,3,1,0,19,0.7368421052631579
476,16,1,3,1,0,21,0.7619047619047619
477,14,1,3,1,0,19,0.7368421052631579
478,14,0,2,1,0,17,0.8235294117647058
479,10,1,3,1,0,15,0.6666666666666666
480,13,1,3,1,0,18,0.7222222222222222
481,14,1,2,1,0,18,0.7777777777777778
482,14,1,3,1,0,19,0.7368421052631579
483,14,1,3,1,0,19,0.7368421052631579
484,13,1,2,1,0,17,0.7647058823529411
485,14,1,2,1,0,18,0.7777777777777778
486,14,1,3,1,0,19,0.7368421052631579
487,14,1,3,1,0,19,0.7368421052631579
488,15,1,2,1,0,19,0.7894736842105263
489,14,0,2,1,0,17,0.8235294117647058
490,13,0,3,1,0,17,0.7647058823529411
491,14,1,2,1,0,18,0.7777777777777778
492,13,1,2,1,0,17,0.7647058823529411
493,14,1,3,1,0,19,0.7368421052631579
494,13,0,3,1,0,17,0.7647058823529411
495,14,1,3,1,0,19,0.7368421052631579
496,15,1,3,1,0,20,0.75
497,15,1,3,1,0,20,0.75
498,13,0,2,1,0,16,0.8125
499,14,1,3,1,0,19,0.7368421052631579
500,14,0,3,1,0,18,0.7777777777777778
501,13,1,3,1,0,18,0.7222222222222222
502,14,0,2,1,0,17,0.8235294117647058
503,14,0,3,1,0,18,0.7777777777777778
504,15,1,3,1,0,20,0.75
505,15,1,3,1,0,20,0.75
506,15,1,3,1,0,20,0.75
507,15,1,3,1,0,20,0.75
508,12,1,3,1,0,17,0.7058823529411765
509,14,1,2,1,0,18,0.7777777777777778
510,16,0,3,1,0,20,0.8
511,14,0,2,1,0,17,0.8235294117647058
512,13,0,3,1,0,17,0.7647058823529411
513,14,0,2,1,0,17,0.8235294117647058
514,16,0,3,1,0,20,0.8
515,14,0,2,1,0,17,0.8235294117647058
516,15,1,2,1,0,19,0.7894736842105263
517,15,0,2,1,0,18,0.8333333333333334
518,14,1,3,1,0,19,0.7368421052631579
519,14,1,3,1,0,19,0.7368421052631579
520,16,1,2,1,0,20,0.8
521,16,0,2,1,0,19,0.8421052631578947
522,14,0,2,1,0,17,0.8235294117647058
523,15,0,2,1,0,18,0.8333333333333334
524,14,0,3,1,0,18,0.7777777777777778
525,16,1,3,1,0,21,0.7619047619047619
526,13,1,3,1,0,18,0.7222222222222222
527,15,1,3,1,0,20,0.75
528,14,1,3,1,0,19,0.7368421052631579
529,15,1,3,1,0,20,0.75
530,13,0,3,1,0,17,0.7647058823529411
531,14,0,3,1,0,18,0.7777777777777778
532,14,0,3,1,0,18,0.7777777777777778
533,14,1,2,1,0,18,0.7777777777777778
534,15,0,3,1,0,19,0.7894736842105263
535,15,1,3,1,0,20,0.75
536,16,1,3,1,0,21,0.7619047619047619
537,14,1,2,1,0,18,0.7777777777777778
538,16,0,3,1,0,20,0.8
539,14,0,3,1,0,18,0.7777777777777778
540,14,0,2,1,0,17,0.8235294117647058
541,14,0,3,1,0,18,0.7777777777777778
542,14,0,3,1,0,18,0.7777777777777778
543,14,0,3,1,0,18,0.7777777777777778
544,15,1,3,1,0,20,0.75
545,13,0,3,1,0,17,0.7647058823529411
546,14,0,3,1,0,18,0.7777777777777778
547,15,1,3,1,0,20,0.75
548,14,0,3,1,0,18,0.7777777777777778
549,13,0,3,1,0,17,0.7647058823529411
550,16,0,3,1,0,20,0.8
551,15,0,3,1,0,19,0.7894736842105263
552,12,0,3,1,0,16,0.75
553,14,0,3,1,0,18,0.7777777777777778
554,14,1,3,1,0,19,0.7368421052631579
555,15,0,3,1,0,19,0.7894736842105263
556,14,0,4,1,0,19,0.7368421052631579
557,15,0,3,1,0,19,0.7894736842105263
558,12,0,3,1,0,16,0.75
559,12,0,3,1,0,16,0.75
560,14,1,3,1,0,19,0.7368421052631579
561,14,0,3,1,0,18,0.7777777777777778
562,14,1,3,1,0,19,0.7368421052631579
563,14,1,2,1,0,18,0.7777777777777778
564,14,0,3,1,0,18,0.7777777777777778
565,12,0,3,1,0,16,0.75
566,15,1,3,1,0,20,0.75
567,16,1,3,1,0,21,0.7619047619047619
568,14,1,3,1,0,19,0.7368421052631579
569,15,1,2,1,0,19,0.7894736842105263
570,15,1,2,1,0,19,0.7894736842105263
571,15,0,3,1,0,19,0.7894736842105263
572,16,0,3,1,0,20,0.8
573,15,1,2,1,0,19,0.7894736842105263
574,12,0,3,1,0,16,0.75
575,15,0,2,1,0,18,0.8333333333333334
576,15,0,2,1,0,18,0.8333333333333334
577,14,0,2,1,0,17,0.8235294117647058
578,17,0,2,1,0,20,0.85
579,14,1,3,1,0,19,0.7368421052631579
580,14,1,3,1,0,19,0.7368421052631579
581,14,1,2,1,0,18,0.7777777777777778
582,13,1,2,1,0,17,0.7647058823529411
583,16,1,3,1,0,21,0.7619047619047619
584,15,0,3,1,0,19,0.7894736842105263
585,17,0,3,1,0,21,0.8095238095238095
586,16,0,3,1,0,20,0.8
587,14,0,3,1,0,18,0.7777777777777778
588,15,1,3,1,0,20,0.75
589,13,0,3,1,0,17,0.7647058823529411
590,15,0,2,1,0,18,0.8333333333333334
591,14,1,3,1,0,19,0.7368421052631579
592,15,1,3,1,0,20,0.75
593,13,0,2,1,0,16,0.8125
594,14,0,2,1,0,17,0.8235294117647058
595,12,1,3,1,0,17,0.7058823529411765
596,14,1,3,1,0,19,0.7368421052631579
597,14,0,3,1,0,18,0.7777777777777778
598,13,0,3,1,0,17,0.7647058823529411
599,16,1,3,1,0,21,0.7619047619047619
600,14,0,3,1,0,18,0.7777777777777778
601,15,1,3,1,0,20,0.75
602,14,0,3,1,0,18,0.7777777777777778
603,15,0,3,1,0,19,0.7894736842105263
604,16,1,2,1,0,20,0.8
605,15,0,2,1,0,18,0.8333333333333334
606,13,0,3,1,0,17,0.7647058823529411
607,15,0,2,1,0,18,0.8333333333333334
608,15,0,2,1,0,18,0.8333333333333334
609,15,0,2,1,0,18,0.8333333333333334
610,13,0,2,1,0,16,0.8125
611,13,0,2,1,0,16,0.8125
612,16,1,2,1,0,20,0.8
613,16,1,2,1,0,20,0.8
614,15,0,2,1,0,18,0.8333333333333334
615,15,0,2,1,0,18,0.8333333333333334
616,15,1,2,1,0,19,0.7894736842105263
617,16,0,3,1,0,20,0.8
618,13,0,3,1,0,17,0.7647058823529411
619,16,0,3,1,0,20,0.8
620,15,1,2,1,0,19,0.7894736842105263
621,14,1,2,1,0,18,0.7777777777777778
622,15,1,3,1,0,20,0.75
623,14,1,2,1,0,18,0.7777777777777778
624,14,0,2,1,0,17,0.8235294117647058
625,13,1,3,1,0,18,0.7222222222222222
626,13,1,3,1,0,18,0.7222222222222222
627,14,1,3,1,0,19,0.7368421052631579
628,15,1,2,1,0,19,0.7894736842105263
629,14,0,3,1,0,18,0.7777777777777778
630,11,0,3,1,0,15,0.7333333333333333
631,13,1,3,1,0,18,0.7222222222222222
632,15,1,3,1,0,20,0.75
633,15,0,3,1,0,19,0.7894736842105263
634,14,0,3,1,0,18,0.7777777777777778
635,15,1,3,1,0,20,0.75
636,15,0,3,1,0,19,0.7894736842105263
637,15,0,3,1,0,19,0.7894736842105263
638,15,1,3,1,0,20,0.75
639,15,0,2,1,0,18,0.8333333333333334
640,14,0,3,1,0,18,0.7777777777777778
641,16,1,2,1,0,20,0.8
642,13,0,3,1,0,17,0.7647058823529411
643,16,0,3,1,0,20,0.8
644,14,0,3,1,0,18,0.7777777777777778
645,16,1,2,1,0,20,0.8
646,14,1,3,1,0,19,0.7368421052631579
647,14,1,2,1,0,18,0.7777777777777778
648,14,1,3,1,0,19,0.7368421052631579
649,15,0,3,1,0,19,0.7894736842105263
650,14,0,3,1,0,18,0.7777777777777778
651,16,1,3,1,0,21,0.7619047619047619
652,14,0,2,1,0,17,0.8235294117647058
653,17,0,3,1,0,21,0.8095238095238095
654,14,0,3,1,0,18,0.7777777777777778
655,14,1,2,1,0,18,0.7777777777777778
656,15,0,3,1,0,19,0.7894736842105263
657,14,0,2,1,0,17,0.8235294117647058
658,14,1,3,1,0,19,0.7368421052631579
659,14,0,3,1,0,18,0.7777777777777778
660,13,0,2,1,0,16,0.8125
661,12,0,3,1,0,16,0.75
662,14,0,3,1,0,18,0.7777777777777778
663,14,0,3,1,0,18,0.7777777777777778
664,15,0,2,1,0,18,0.8333333333333334
665,15,1,3,1,0,20,0.75
666,14,1,3,1,0,19,0.7368421052631579
667,15,1,3,1,0,20,0.75
668,15,0,3,1,0,19,0.7894736842105263
669,15,0,3,1,0,19,0.7894736842105263
670,15,1,3,1,0,20,0.75
671,15,1,2,1,0,19,0.7894736842105263
672,14,0,3,1,0,18,0.7777777777777778
673,13,0,3,1,0,17,0.7647058823529411
674,15,0,3,1,0,19,0.7894736842105263
675,14,0,3,1,0,18,0.7777777777777778
676,14,0,3,1,0,18,0.7777777777777778
677,15,0,3,1,0,19,0.7894736842105263
678,15,1,3,1,0,20,0.75
679,15,0,3,1,0,19,0.7894736842105263
680,14,1,3,1,0,19,0.7368421052631579
681,15,0,3,1,0,19,0.7894736842105263
682,14,0,3,1,0,18,0.7777777777777778
683,14,0,3,1,0,18,0.7777777777777778
684,13,1,3,1,0,18,0.7222222222222222
685,15,1,3,1,0,20,0.75
686,12,1,3,1,0,17,0.7058823529411765
687,16,1,3,1,0,21,0.7619047619047619
688,14,1,3,1,0,19,0.7368421052631579
689,14,1,3,1,0,19,0.7368421052631579
690,16,1,3,1,0,21,0.7619047619047619
691,13,1,3,1,0,18,0.7222222222222222
692,14,0,2,1,0,17,0.8235294117647058
693,15,1,3,1,0,20,0.75
694,12,1,3,1,0,17,0.7058823529411765
695,15,0,3,1,0,19,0.7894736842105263
696,13,0,2,1,0,16,0.8125
697,14,0,3,1,0,18,0.7777777777777778
698,16,1,3,1,0,21,0.7619047619047619
699,16,0,3,1,0,20,0.8
700,15,1,3,1,0,20,0.75
701,15,0,3,1,0,19,0.7894736842105263
702,15,0,3,1,0,19,0.7894736842105263
703,13,0,2,1,0,16,0.8125
704,14,1,3,1,0,19,0.7368421052631579
705,14,1,2,1,0,18,0.7777777777777778
706,14,1,3,1,0,19,0.7368421052631579
707,15,1,3,1,0,20,0.75
708,13,0,3,1,0,17,0.7647058823529411
709,14,1,3,1,0,19,0.7368421052631579
710,13,1,3,1,0,18,0.7222222222222222
711,15,0,3,1,0,19,0.7894736842105263
712,14,1,2,1,0,18,0.7777777777777778
713,14,0,3,1,0,18,0.7777777777777778
714,14,1,3,1,0,19,0.7368421052631579
715,14,1,3,1,0,19,0.7368421052631579
716,12,1,3,1,0,17,0.7058823529411765
717,15,1,3,1,0,20,0.75
718,15,1,3,1,0,20,0.75
719,15,1,3,1,0,20,0.75
720,14,0,3,1,0,18,0.7777777777777778
721,15,0,2,1,0,18,0.8333333333333334
722,15,1,3,1,0,20,0.75
723,16,1,3,1,0,21,0.7619047619047619
724,14,0,2,1,0,17,0.8235294117647058
725,15,1,2,1,0,19,0.7894736842105263
726,12,1,2,1,0,16,0.75
727,13,1,2,1,0,17,0.7647058823529411
728,16,1,3,1,0,21,0.7619047619047619
729,15,0,3,1,0,19,0.7894736842105263
730,13,1,2,1,0,17,0.7647058823529411
731,13,0,3,1,0,17,0.7647058823529411
732,14,0,3,1,0,18,0.7777777777777778
733,14,1,3,1,0,19,0.7368421052631579
734,14,1,3,1,0,19,0.7368421052631579
735,13,0,3,1,0,17,0.7647058823529411
736,15,1,3,1,0,20,0.75
737,15,0,4,1,0,20,0.75
738,13,0,3,1,0,17,0.7647058823529411
739,13,1,3,1,0,18,0.7222222222222222
740,15,1,3,1,0,20,0.75
741,14,1,3,1,0,19,0.7368421052631579
742,14,1,3,1,0,19,0.7368421052631579
743,13,1,3,1,0,18,0.7222222222222222
744,14,0,3,1,0,18,0.7777777777777778
745,16,0,3,1,0,20,0.8
746,15,1,2,1,0,19,0.7894736842105263
747,15,1,3,1,0,20,0.75
748,13,1,3,1,0,18,0.7222222222222222
749,15,1,2,1,0,19,0.7894736842105263
750,14,0,1,1,0,16,0.875
751,12,0,3,1,0,16,0.75
752,15,0,3,1,0,19,0.7894736842105263
753,15,1,2,1,0,19,0.7894736842105263
754,16,0,3,1,0,20,0.8
755,15,1,3,1,0,20,0.75
756,12,1,3,1,0,17,0.7058823529411765
757,12,1,3,1,0,17,0.7058823529411765
758,11,1,3,1,0,16,0.6875
759,14,1,3,1,0,19,0.7368421052631579
760,13,1,3,1,0,18,0.7222222222222222
761,16,1,3,1,0,21,0.7619047619047619
762,14,1,3,1,0,19,0.7368421052631579
763,13,1,3,1,0,18,0.7222222222222222
764,14,1,3,1,0,19,0.7368421052631579
765,14,1,3,1,0,19,0.7368421052631579
766,14,1,3,1,0,19,0.7368421052631579
767,15,1,3,1,0,20,0.75
768,13,1,3,1,0,18,0.7222222222222222
769,15,1,3,1,0,20,0.75
770,14,0,3,1,0,18,0.7777777777777778
771,15,0,3,1,0,19,0.7894736842105263
772,10,0,1,1,0,12,0.8333333333333334
773,16,0,3,1,0,20,0.8
774,15,1,3,1,0,20,0.75
775,15,1,3,1,0,20,0.75
776,15,0,2,1,0,18,0.8333333333333334
777,14,0,3,1,0,18,0.7777777777777778
778,15,1,3,1,0,20,0.75
779,14,1,2,1,0,18,0.7777777777777778
780,16,1,2,1,0,20,0.8
781,16,1,1,1,0,19,0.8421052631578947
782,14,1,2,1,0,18,0.7777777777777778
783,15,1,2,1,0,19,0.7894736842105263
784,15,1,2,1,0,19,0.7894736842105263
785,13,0,2,1,0,16,0.8125
786,15,1,2,1,0,19,0.7894736842105263
787,13,1,2,1,0,17,0.7647058823529411
788,16,1,2,1,0,20,0.8
789,16,1,2,1,0,20,0.8
790,16,0,2,1,0,19,0.8421052631578947
791,14,0,3,1,0,18,0.7777777777777778
792,14,0,2,1,0,17,0.8235294117647058
793,15,1,3,1,0,20,0.75
794,17,1,2,1,0,21,0.8095238095238095
795,15,0,3,1,0,19,0.7894736842105263
796,13,0,3,1,0,17,0.7647058823529411
797,14,0,3,1,0,18,0.7777777777777778
798,14,0,3,1,0,18,0.7777777777777778
799,14,0,3,1,0,18,0.7777777777777778
800,12,1,2,1,0,16,0.75
801,15,0,3,1,0,19,0.7894736842105263
802,14,1,2,1,0,18,0.7777777777777778
803,16,1,3,1,0,21,0.7619047619047619
804,15,0,3,1,0,19,0.7894736842105263
805,15,1,2,1,0,19,0.7894736842105263
806,16,1,2,1,0,20,0.8
807,14,0,3,1,0,18,0.7777777777777778
808,13,0,3,1,0,17,0.7647058823529411
809,15,1,3,1,0,20,0.75
810,13,0,4,1,0,18,0.7222222222222222
811,16,1,3,1,0,21,0.7619047619047619
812,15,1,3,1,0,20,0.75
813,15,1,3,1,0,20,0.75
814,14,0,3,1,0,18,0.7777777777777778
815,15,0,2,1,0,18,0.8333333333333334
816,15,1,2,1,0,19,0.7894736842105263
817,15,0,3,1,0,19,0.7894736842105263
818,15,1,3,1,0,20,0.75
819,16,1,2,1,0,20,0.8
820,15,0,3,1,0,19,0.7894736842105263
821,14,0,3,1,0,18,0.7777777777777778
822,13,0,3,1,0,17,0.7647058823529411
823,13,0,2,1,0,16,0.8125
824,15,0,2,1,0,18,0.8333333333333334
825,14,0,2,1,0,17,0.8235294117647058
826,14,1,3,1,0,19,0.7368421052631579
827,15,1,3,1,0,20,0.75
828,13,1,2,1,0,17,0.7647058823529411
829,13,1,2,1,0,17,0.7647058823529411
830,14,0,4,1,0,19,0.7368421052631579
831,13,0,4,1,0,18,0.7222222222222222
832,15,0,2,1,0,18,0.8333333333333334
833,15,0,2,1,0,18,0.8333333333333334
834,15,1,2,1,0,19,0.7894736842105263
835,14,1,2,1,0,18,0.7777777777777778
836,16,0,3,1,0,20,0.8
837,14,1,3,1,0,19,0.7368421052631579
838,14,0,3,1,0,18,0.7777777777777778
839,13,0,4,1,0,18,0.7222222222222222
840,13,1,4,1,0,19,0.6842105263157895
841,15,0,3,1,0,19,0.7894736842105263
842,13,1,3,1,0,18,0.7222222222222222
843,15,1,3,1,0,20,0.75
844,13,0,3,1,0,17,0.7647058823529411
845,14,1,3,1,0,19,0.7368421052631579
846,12,1,3,1,0,17,0.7058823529411765
847,13,1,3,1,0,18,0.7222222222222222
848,14,0,3,1,0,18,0.7777777777777778
849,13,0,3,1,0,17,0.7647058823529411
850,13,0,3,1,0,17,0.7647058823529411
851,14,1,4,1,0,20,0.7
852,14,1,4,1,0,20,0.7
853,12,1,3,1,0,17,0.7058823529411765
854,16,1,3,1,0,21,0.7619047619047619
855,13,0,3,1,0,17,0.7647058823529411
856,14,1,4,1,0,20,0.7
857,13,0,3,1,0,17,0.7647058823529411
858,15,0,3,1,0,19,0.7894736842105263
859,14,0,3,1,0,18,0.7777777777777778
860,14,0,3,1,0,18,0.7777777777777778
861,14,0,4,1,0,19,0.7368421052631579
862,12,0,4,1,0,17,0.7058823529411765
863,12,0,3,1,0,16,0.75
864,13,1,3,1,0,18,0.7222222222222222
865,13,1,2,1,0,17,0.7647058823529411
866,14,0,3,1,0,18,0.7777777777777778
867,15,1,3,1,0,20,0.75
868,17,0,3,1,0,21,0.8095238095238095
869,11,0,4,1,0,16,0.6875
870,14,1,3,1,0,19,0.7368421052631579
871,14,0,2,1,0,17,0.8235294117647058
872,13,0,3,1,0,17,0.7647058823529411
873,14,0,4,1,0,19,0.7368421052631579
874,15,0,3,1,0,19,0.7894736842105263
875,15,0,3,1,0,19,0.7894736842105263
876,14,0,3,1,0,18,0.7777777777777778
877,14,1,3,1,0,19,0.7368421052631579
878,14,1,4,1,0,20,0.7
879,14,0,3,1,0,18,0.7777777777777778
880,16,1,3,1,0,21,0.7619047619047619
881,16,0,3,1,0,20,0.8
882,16,1,3,1,0,21,0.7619047619047619
883,16,0,3,1,0,20,0.8
884,17,0,3,1,0,21,0.8095238095238095
885,16,0,3,1,0,20,0.8
886,15,0,3,1,0,19,0.7894736842105263
887,16,1,3,1,0,21,0.7619047619047619
888,14,1,3,1,0,19,0.7368421052631579
889,17,0,3,1,0,21,0.8095238095238095
890,15,0,3,1,0,19,0.7894736842105263
891,15,0,3,1,0,19,0.7894736842105263
892,14,1,3,1,0,19,0.7368421052631579
893,16,1,3,1,0,21,0.7619047619047619
894,14,1,2,1,0,18,0.7777777777777778
895,15,1,3,1,0,20,0.75
896,15,1,3,1,0,20,0.75
897,15,0,3,1,0,19,0.7894736842105263
898,16,1,3,1,0,21,0.7619047619047619
899,13,1,3,1,0,18,0.7222222222222222
900,15,0,2,1,0,18,0.8333333333333334
901,14,0,3,1,0,18,0.7777777777777778
902,14,1,3,1,0,19,0.7368421052631579
903,14,0,3,1,0,18,0.7777777777777778
904,14,0,3,1,0,18,0.7777777777777778
905,14,0,3,1,0,18,0.7777777777777778
906,13,1,3,1,0,18,0.7222222222222222
907,15,2,3,1,0,21,0.7142857142857143
908,14,1,2,1,0,18,0.7777777777777778
909,13,1,3,1,0,18,0.7222222222222222
910,15,0,3,1,0,19,0.7894736842105263
911,15,1,3,1,0,20,0.75
912,14,1,3,1,0,19,0.7368421052631579
913,15,0,3,1,0,19,0.7894736842105263
914,14,1,3,1,0,19,0.7368421052631579
915,16,0,3,1,0,20,0.8
916,14,0,3,1,0,18,0.7777777777777778
917,15,0,3,1,0,19,0.7894736842105263
918,14,1,3,1,0,19,0.7368421052631579
919,16,0,3,1,0,20,0.8
920,12,0,3,1,0,16,0.75
921,15,0,3,1,0,19,0.7894736842105263
922,17,0,3,1,0,21,0.8095238095238095
923,15,1,3,1,0,20,0.75
924,15,1,3,1,0,20,0.75
925,14,1,3,1,0,19,0.7368421052631579
926,16,0,3,1,0,20,0.8
927,17,0,3,1,0,21,0.8095238095238095
928,14,0,2,1,0,17,0.8235294117647058
929,15,0,3,1,0,19,0.7894736842105263
930,15,0,3,1,0,19,0.7894736842105263
931,16,0,3,1,0,20,0.8
932,16,0,3,1,0,20,0.8
933,15,1,3,1,0,20,0.75
934,15,0,3,1,0,19,0.7894736842105263
935,16,0,3,1,0,20,0.8
936,15,0,3,1,0,19,0.7894736842105263
937,16,0,3,1,0,20,0.8
938,15,0,3,1,0,19,0.7894736842105263
939,16,0,3,1,0,20,0.8
940,16,0,3,1,0,20,0.8
941,15,0,3,1,0,19,0.7894736842105263
942,17,1,3,1,0,22,0.7727272727272727
943,14,1,3,1,0,19,0.7368421052631579
944,15,0,3,1,0,19,0.7894736842105263
945,17,0,3,1,0,21,0.8095238095238095
946,17,0,3,1,0,21,0.8095238095238095
947,16,0,3,1,0,20,0.8
948,15,0,3,1,0,19,0.7894736842105263
949,16,0,3,1,0,20,0.8
950,14,1,2,1,0,18,0.7777777777777778
951,15,0,3,1,0,19,0.7894736842105263
952,16,0,3,1,0,20,0.8
953,13,1,2,1,0,17,0.7647058823529411
954,14,1,3,1,0,19,0.7368421052631579
955,14,0,3,1,0,18,0.7777777777777778
956,15,0,3,1,0,19,0.7894736842105263
957,14,0,2,1,0,17,0.8235294117647058
958,14,0,3,1,0,18,0.7777777777777778
959,14,0,3,1,0,18,0.7777777777777778
960,15,0,3,1,0,19,0.7894736842105263
961,16,0,4,1,0,21,0.7619047619047619
962,17,0,3,1,0,21,0.8095238095238095
963,16,0,3,1,0,20,0.8
964,14,0,3,1,0,18,0.7777777777777778
965,16,0,3,1,0,20,0.8
966,13,1,3,1,0,18,0.7222222222222222
967,15,0,3,1,0,19,0.7894736842105263
968,16,0,3,1,0,20,0.8
969,14,0,3,1,0,18,0.7777777777777778
970,15,0,3,1,0,19,0.7894736842105263
971,14,0,3,1,0,18,0.7777777777777778
972,17,0,3,1,0,21,0.8095238095238095
973,16,0,3,1,0,20,0.8
974,16,0,3,1,0,20,0.8
975,14,1,3,1,0,19,0.7368421052631579
976,16,0,3,1,0,20,0.8
977,16,0,3,1,0,20,0.8
978,13,1,3,1,0,18,0.7222222222222222
979,15,0,3,1,0,19,0.7894736842105263
980,15,0,3,1,0,19,0.7894736842105263
981,16,1,3,1,0,21,0.7619047619047619
982,15,0,3,1,0,19,0.7894736842105263
983,14,0,2,1,0,17,0.8235294117647058
984,14,1,2,1,0,18,0.7777777777777778
985,14,0,3,1,0,18,0.7777777777777778
986,14,0,3,1,0,18,0.7777777777777778
987,14,1,3,1,0,19,0.7368421052631579
988,16,1,3,1,0,21,0.7619047619047619
989,14,1,3,1,0,19,0.7368421052631579
990,13,1,3,1,0,18,0.7222222222222222
991,14,0,2,1,0,17,0.8235294117647058
992,15,0,4,1,0,20,0.75
993,16,1,3,1,0,21,0.7619047619047619
994,15,1,3,1,0,20,0.75
995,15,1,3,1,0,20,0.75
996,14,1,2,1,0,18,0.7777777777777778
997,16,1,3,1,0,21,0.7619047619047619
998,14,1,2,1,0,18,0.7777777777777778
999,16,0,3,1,0,20,0.8
1000,16,1,3,1,0,21,0.7619047619047619
1001,16,1,2,1,0,20,0.8
1002,14,1,2,1,0,18,0.7777777777777778
1003,15,0,3,1,0,19,0.7894736842105263
1004,15,1,3,1,0,20,0.75
1005,15,1,3,1,0,20,0.75
1006,14,0,2,1,0,17,0.8235294117647058
1007,16,1,3,1,0,21,0.7619047619047619
1008,14,1,2,1,0,18,0.7777777777777778
1009,14,1,3,1,0,19,0.7368421052631579
1010,16,1,3,1,0,21,0.7619047619047619
1011,14,1,3,1,0,19,0.7368421052631579
1012,16,0,3,1,0,20,0.8
1013,15,1,3,1,0,20,0.75
1014,15,1,3,1,0,20,0.75
1015,16,1,2,1,0,20,0.8
1016,15,0,3,1,0,19,0.7894736842105263
1017,14,1,3,1,0,19,0.7368421052631579
1018,14,1,2,1,0,18,0.7777777777777778
1019,13,1,3,1,0,18,0.7222222222222222
1020,12,0,3,1,0,16,0.75
1021,14,1,3,1,0,19,0.7368421052631579
1022,13,1,2,1,0,17,0.7647058823529411
1023,15,1,2,1,0,19,0.7894736842105263
1024,17,1,2,1,0,21,0.8095238095238095
1025,15,1,3,1,0,20,0.75
1026,15,1,2,1,0,19,0.7894736842105263
1027,13,0,3,1,0,17,0.7647058823529411
1028,15,0,3,1,0,19,0.7894736842105263
1029,14,1,3,1,0,19,0.7368421052631579
1030,15,1,3,1,0,20,0.75
1031,15,0,3,1,0,19,0.7894736842105263
1032,14,0,3,1,0,18,0.7777777777777778
1033,15,0,2,1,0,18,0.8333333333333334
1034,14,0,3,1,0,18,0.7777777777777778
1035,16,1,3,1,0,21,0.7619047619047619
1036,16,0,3,1,0,20,0.8
1037,14,0,3,1,0,18,0.7777777777777778
1038,15,0,3,1,0,19,0.7894736842105263
1039,14,0,3,1,0,18,0.7777777777777778
1040,15,0,3,1,0,19,0.7894736842105263
1041,15,0,3,1,0,19,0.7894736842105263
1042,15,1,3,1,0,20,0.75
1043,14,0,3,1,0,18,0.7777777777777778
1044,13,1,3,1,0,18,0.7222222222222222
1045,15,0,3,1,0,19,0.7894736842105263
1046,16,0,3,1,0,20,0.8
1047,12,1,2,1,0,16,0.75
1048,11,0,3,1,0,15,0.7333333333333333
1049,14,0,3,1,0,18,0.7777777777777778
1050,16,1,3,1,0,21,0.7619047619047619
1051,16,0,3,1,0,20,0.8
1052,13,0,3,1,0,17,0.7647058823529411
1053,15,0,3,1,0,19,0.7894736842105263
1054,15,1,3,1,0,20,0.75
1055,16,0,3,1,0,20,0.8
1056,15,1,3,1,0,20,0.75
1057,15,1,3,1,0,20,0.75
1058,14,0,3,1,0,18,0.7777777777777778
1059,14,0,3,1,0,18,0.7777777777777778
1060,14,0,3,1,0,18,0.7777777777777778
1061,15,0,3,1,0,19,0.7894736842105263
1062,16,1,3,1,0,21,0.7619047619047619
1063,14,1,3,1,0,19,0.7368421052631579
1064,16,0,3,1,0,20,0.8
1065,15,0,3,1,0,19,0.7894736842105263
1066,15,0,3,1,0,19,0.7894736842105263
1067,14,0,3,1,0,18,0.7777777777777778
1068,13,0,3,1,0,17,0.7647058823529411
1069,14,0,3,1,0,18,0.7777777777777778
1070,14,0,3,1,0,18,0.7777777777777778
1071,14,0,3,1,0,18,0.7777777777777778
1072,14,0,3,1,0,18,0.7777777777777778
1073,14,0,3,1,0,18,0.7777777777777778
1074,15,0,3,1,0,19,0.7894736842105263
1075,15,0,3,1,0,19,0.7894736842105263
1076,15,0,3,1,0,19,0.7894736842105263
1077,16,1,3,1,0,21,0.7619047619047619
1078,14,1,3,1,0,19,0.7368421052631579
1079,15,0,3,1,0,19,0.7894736842105263
1080,13,0,3,1,0,17,0.7647058823529411
1081,15,0,3,1,0,19,0.7894736842105263
1082,15,0,3,1,0,19,0.7894736842105263
1083,16,0,3,1,0,20,0.8
1084,16,0,2,1,0,19,0.8421052631578947
1085,14,0,3,1,0,18,0.7777777777777778
1086,15,0,3,1,0,19,0.7894736842105263
1087,16,0,3,1,0,20,0.8
1088,16,0,3,1,0,20,0.8
1089,14,0,3,1,0,18,0.7777777777777778
1090,16,0,3,1,0,20,0.8
1091,15,1,3,1,0,20,0.75
1092,15,1,3,1,0,20,0.75
1093,15,0,3,1,0,19,0.7894736842105263
1094,16,0,3,1,0,20,0.8
1095,15,1,3,1,0,20,0.75
1096,16,1,3,1,0,21,0.7619047619047619
1097,16,1,3,1,0,21,0.7619047619047619
1098,16,1,3,1,0,21,0.7619047619047619
1099,15,1,3,1,0,20,0.75
1100,15,1,3,1,0,20,0.75
1101,15,1,3,1,0,20,0.75
1102,13,1,2,1,0,17,0.7647058823529411
1103,15,1,3,1,0,20,0.75
1104,15,1,3,1,0,20,0.75
1105,15,0,3,1,0,19,0.7894736842105263
1106,15,1,3,1,0,20,0.75
1107,15,1,3,1,0,20,0.75
1108,14,1,2,1,0,18,0.7777777777777778
1109,16,1,3,1,0,21,0.7619047619047619
1110,15,0,3,1,0,19,0.7894736842105263
1111,16,0,3,1,0,20,0.8
1112,14,0,3,1,0,18,0.7777777777777778
1113,15,1,3,1,0,20,0.75
1114,14,0,3,1,0,18,0.7777777777777778
1115,14,0,4,1,0,19,0.7368421052631579
1116,15,0,3,1,0,19,0.7894736842105263
1117,13,0,3,1,0,17,0.7647058823529411
1118,15,1,3,1,0,20,0.75
1119,16,0,3,1,0,20,0.8
1120,14,0,4,1,0,19,0.7368421052631579
1121,14,0,3,1,0,18,0.7777777777777778
1122,14,0,4,1,0,19,0.7368421052631579
1123,14,0,3,1,0,18,0.7777777777777778
1124,15,1,3,1,0,20,0.75
1125,15,1,3,1,0,20,0.75
1126,14,0,3,1,0,18,0.7777777777777778
1127,15,0,3,1,0,19,0.7894736842105263
1128,14,0,3,1,0,18,0.7777777777777778
1129,14,0,3,1,0,18,0.7777777777777778
1130,16,0,3,1,0,20,0.8
1131,16,0,3,1,0,20,0.8
1132,14,1,3,1,0,19,0.7368421052631579
1133,15,1,3,1,0,20,0.75
1134,15,1,3,1,0,20,0.75
1135,16,0,3,1,0,20,0.8
1136,15,0,3,1,0,19,0.7894736842105263
1137,15,0,3,1,0,19,0.7894736842105263
1138,16,0,3,1,0,20,0.8
1139,15,0,2,1,0,18,0.8333333333333334
1140,16,1,3,1,0,21,0.7619047619047619
1141,13,0,3,1,0,17,0.7647058823529411
1142,14,1,3,1,0,19,0.7368421052631579
1143,14,0,3,1,0,18,0.7777777777777778
1144,13,0,3,1,0,17,0.7647058823529411
1145,14,0,3,1,0,18,0.7777777777777778
1146,14,0,3,1,0,18,0.7777777777777778
1147,15,0,3,1,0,19,0.7894736842105263
1148,16,0,3,1,0,20,0.8
1149,13,0,3,1,0,17,0.7647058823529411
1150,13,0,3,1,0,17,0.7647058823529411
1151,15,0,3,1,0,19,0.7894736842105263
1152,15,0,3,1,0,19,0.7894736842105263
1153,15,0,3,1,0,19,0.7894736842105263
1154,14,0,3,1,0,18,0.7777777777777778
1155,15,0,3,1,0,19,0.7894736842105263
1156,15,0,3,1,0,19,0.7894736842105263
1157,15,0,3,1,0,19,0.7894736842105263
1158,14,1,3,1,0,19,0.7368421052631579
1159,14,1,3,1,0,19,0.7368421052631579
1160,14,1,3,1,0,19,0.7368421052631579
1161,15,0,2,1,0,18,0.8333333333333334
1162,16,0,3,1,0,20,0.8
1163,14,0,3,1,0,18,0.7777777777777778
1164,15,0,3,1,0,19,0.7894736842105263
1165,14,0,3,1,0,18,0.7777777777777778
1166,15,0,3,1,0,19,0.7894736842105263
1167,15,0,3,1,0,19,0.7894736842105263
1168,16,0,3,1,0,20,0.8
1169,14,0,3,1,0,18,0.7777777777777778
1170,17,0,3,1,0,21,0.8095238095238095
1171,16,0,3,1,0,20,0.8
1172,16,0,3,1,0,20,0.8
1173,15,1,2,1,0,19,0.7894736842105263
1174,13,0,3,1,0,17,0.7647058823529411
1175,16,0,3,1,0,20,0.8
1176,15,0,3,1,0,19,0.7894736842105263
1177,13,0,3,1,0,17,0.7647058823529411
1178,15,1,3,1,0,20,0.75
1179,14,0,3,1,0,18,0.7777777777777778
1180,14,0,3,1,0,18,0.7777777777777778
1181,14,1,3,1,0,19,0.7368421052631579
1182,16,0,3,1,0,20,0.8
1183,14,0,3,1,0,18,0.7777777777777778
1184,14,0,3,1,0,18,0.7777777777777778
1185,14,1,3,1,0,19,0.7368421052631579
1186,15,0,2,1,0,18,0.8333333333333334
1187,14,0,3,1,0,18,0.7777777777777778
1188,14,0,3,1,0,18,0.7777777777777778
1189,16,0,2,1,0,19,0.8421052631578947
1190,14,0,2,1,0,17,0.8235294117647058
1191,15,1,2,1,0,19,0.7894736842105263
1192,16,1,3,1,0,21,0.7619047619047619
1193,14,0,2,1,0,17,0.8235294117647058
1194,14,0,3,1,0,18,0.7777777777777778
1195,16,0,2,1,0,19,0.8421052631578947
1196,12,1,2,1,0,16,0.75
1197,16,0,2,1,0,19,0.8421052631578947
1198,16,0,3,1,0,20,0.8
1199,15,1,3,1,0,20,0.75
1200,15,0,3,1,0,19,0.7894736842105263
1201,15,0,2,1,0,18,0.8333333333333334
1202,15,1,3,1,0,20,0.75
1203,15,0,4,1,0,20,0.75
1204,14,0,3,1,0,18,0.7777777777777778
1205,15,0,2,1,0,18,0.8333333333333334
1206,15,0,2,1,0,18,0.8333333333333334
1207,14,0,2,1,0,17,0.8235294117647058
1208,14,0,3,1,0,18,0.7777777777777778
1209,15,0,3,1,0,19,0.7894736842105263
1210,15,0,4,1,0,20,0.75
1211,16,0,4,1,0,21,0.7619047619047619
1212,14,0,4,1,0,19,0.7368421052631579
1213,13,0,2,1,0,16,0.8125
1214,14,0,4,1,0,19,0.7368421052631579
1215,13,0,3,1,0,17,0.7647058823529411
1216,13,0,3,1,0,17,0.7647058823529411
1217,14,0,3,1,0,18,0.7777777777777778
1218,14,0,3,1,0,18,0.7777777777777778
1219,13,0,2,1,0,16,0.8125
1220,13,0,2,1,0,16,0.8125
1221,11,0,2,1,0,14,0.7857142857142857
1222,12,0,2,1,0,15,0.8
1223,11,0,2,1,0,14,0.7857142857142857
1224,13,0,2,1,0,16,0.8125
1225,15,0,3,1,0,19,0.7894736842105263
1226,15,0,2,1,0,18,0.8333333333333334
1227,15,1,2,1,0,19,0.7894736842105263
1228,13,1,4,1,0,19,0.6842105263157895
1229,16,0,3,1,0,20,0.8
1230,14,0,3,1,0,18,0.7777777777777778
1231,13,0,3,1,0,17,0.7647058823529411
1232,13,0,3,1,0,17,0.7647058823529411
1233,14,0,4,1,0,19,0.7368421052631579
1234,15,0,4,1,0,20,0.75
1235,15,0,2,1,0,18,0.8333333333333334
1236,14,0,2,1,0,17,0.8235294117647058
1237,16,0,3,1,0,20,0.8
1238,15,0,3,1,0,19,0.7894736842105263
1239,15,0,2,1,0,18,0.8333333333333334
1240,13,1,3,1,0,18,0.7222222222222222
1241,14,0,3,1,0,18,0.7777777777777778
1242,14,0,3,1,0,18,0.7777777777777778
1243,14,0,3,1,0,18,0.7777777777777778
1244,14,0,3,1,0,18,0.7777777777777778
1245,12,0,2,1,0,15,0.8
1246,15,0,2,1,0,18,0.8333333333333334
1247,15,0,3,1,0,19,0.7894736842105263
1248,16,1,2,1,0,20,0.8
1249,15,0,2,1,0,18,0.8333333333333334
1250,13,1,3,1,0,18,0.7222222222222222
1251,14,0,2,1,0,17,0.8235294117647058
1252,14,0,2,1,0,17,0.8235294117647058
1253,15,0,2,1,0,18,0.8333333333333334
1254,14,0,3,1,0,18,0.7777777777777778
1255,15,0,3,1,0,19,0.7894736842105263
1256,15,1,3,1,0,20,0.75
1257,14,0,3,1,0,18,0.7777777777777778
1258,15,0,3,1,0,19,0.7894736842105263
1259,13,0,3,1,0,17,0.7647058823529411
1260,13,0,3,1,0,17,0.7647058823529411
1261,13,1,3,1,0,18,0.7222222222222222
1262,14,0,2,1,0,17,0.8235294117647058
1263,14,0,3,1,0,18,0.7777777777777778
1264,14,0,3,1,0,18,0.7777777777777778
1265,16,1,2,1,0,20,0.8
1266,14,0,2,1,0,17,0.8235294117647058
1267,14,0,2,1,0,17,0.8235294117647058
1268,16,1,2,1,0,20,0.8
1269,14,0,5,1,0,20,0.7
1270,14,0,5,1,0,20,0.7
1271,16,1,2,1,0,20,0.8
1272,14,0,4,1,0,19,0.7368421052631579
1273,16,0,3,1,0,20,0.8
1274,15,0,3,1,0,19,0.7894736842105263
1275,14,0,3,1,0,18,0.7777777777777778
1276,15,0,2,1,0,18,0.8333333333333334
1277,15,0,2,1,0,18,0.8333333333333334
1278,15,0,2,1,0,18,0.8333333333333334
1279,15,0,2,1,0,18,0.8333333333333334
1280,14,1,2,1,0,18,0.7777777777777778
1281,16,0,3,1,0,20,0.8
1282,14,0,2,1,0,17,0.8235294117647058
1283,15,1,2,1,0,19,0.7894736842105263
1284,15,1,2,1,0,19,0.7894736842105263
1285,14,0,2,1,0,17,0.8235294117647058
1286,14,0,2,1,0,17,0.8235294117647058
1287,15,0,2,1,0,18,0.8333333333333334
1288,15,0,2,1,0,18,0.8333333333333334
1289,13,0,2,1,0,16,0.8125
1290,14,1,2,1,0,18,0.7777777777777778
1291,15,1,3,1,0,20,0.75
1292,13,0,2,1,0,16,0.8125
1293,14,0,2,1,0,17,0.8235294117647058
1294,15,0,2,1,0,18,0.8333333333333334
1295,15,0,2,1,0,18,0.8333333333333334
1296,11,0,2,1,0,14,0.7857142857142857
1297,12,0,2,1,0,15,0.8
1298,15,0,2,1,0,18,0.8333333333333334
1299,15,0,2,1,0,18,0.8333333333333334
1300,14,1,2,1,0,18,0.7777777777777778
1301,14,0,2,1,0,17,0.8235294117647058
1302,15,0,2,1,0,18,0.8333333333333334
1303,13,0,2,1,0,16,0.8125
1304,14,0,2,1,0,17,0.8235294117647058
1305,15,0,2,1,0,18,0.8333333333333334
1306,14,1,2,1,0,18,0.7777777777777778
1307,13,1,2,1,0,17,0.7647058823529411
1308,15,1,2,1,0,19,0.7894736842105263
1309,14,1,2,1,0,18,0.7777777777777778
1310,15,1,2,1,0,19,0.7894736842105263
1311,14,1,2,1,0,18,0.7777777777777778
1312,14,0,2,1,0,17,0.8235294117647058
1313,15,0,2,1,0,18,0.8333333333333334
1314,14,1,2,1,0,18,0.7777777777777778
1315,13,1,2,1,0,17,0.7647058823529411
1316,14,1,2,1,0,18,0.7777777777777778
1317,14,1,2,1,0,18,0.7777777777777778
1318,15,1,2,1,0,19,0.7894736842105263
1319,13,1,3,1,0,18,0.7222222222222222
1320,14,1,2,1,0,18,0.7777777777777778
1321,15,1,2,1,0,19,0.7894736842105263
1322,14,1,2,1,0,18,0.7777777777777778
1323,14,1,2,1,0,18,0.7777777777777778
1324,15,1,2,1,0,19,0.7894736842105263
1325,16,1,2,1,0,20,0.8
1326,14,0,3,1,0,18,0.7777777777777778
1327,15,0,3,1,0,19,0.7894736842105263
1328,14,0,4,1,0,19,0.7368421052631579
1329,15,0,3,1,0,19,0.7894736842105263
1330,15,0,2,1,0,18,0.8333333333333334
1331,15,0,3,1,0,19,0.7894736842105263
1332,16,0,4,1,0,21,0.7619047619047619
1333,16,0,4,1,0,21,0.7619047619047619
1334,14,1,3,1,0,19,0.7368421052631579
1335,15,1,4,1,0,21,0.7142857142857143
1336,14,0,4,1,0,19,0.7368421052631579
1337,14,0,4,1,0,19,0.7368421052631579
1338,15,0,4,1,0,20,0.75
1339,15,0,4,1,0,20,0.75
1340,14,1,4,1,0,20,0.7
1341,15,0,2,1,0,18,0.8333333333333334
1342,13,1,4,1,0,19,0.6842105263157895
1343,15,0,4,1,0,20,0.75
1344,15,0,4,1,0,20,0.75
1345,14,0,4,1,0,19,0.7368421052631579
1346,15,1,4,1,0,21,0.7142857142857143
1347,16,1,3,1,0,21,0.7619047619047619
1348,16,0,4,1,0,21,0.7619047619047619
1349,15,1,4,1,0,21,0.7142857142857143
1350,15,0,3,1,0,19,0.7894736842105263
1351,15,1,3,1,0,20,0.75
1352,15,1,4,1,0,21,0.7142857142857143
1353,14,1,4,1,0,20,0.7
1354,14,1,4,1,0,20,0.7
1355,16,1,3,1,0,21,0.7619047619047619
1356,14,1,4,1,0,20,0.7
1357,15,1,4,1,0,21,0.7142857142857143
1358,16,1,4,1,0,22,0.7272727272727273
1359,15,1,4,1,0,21,0.7142857142857143
1360,15,0,4,1,0,20,0.75
1361,15,0,4,1,0,20,0.75
1362,15,1,4,1,0,21,0.7142857142857143
1363,15,0,4,1,0,20,0.75
1364,15,1,4,1,0,21,0.7142857142857143
1365,14,1,4,1,0,20,0.7
1366,15,1,4,1,0,21,0.7142857142857143
1367,15,1,4,1,0,21,0.7142857142857143
1368,14,1,4,1,0,20,0.7
1369,15,1,4,1,0,21,0.7142857142857143
1370,14,0,4,1,0,19,0.7368421052631579
1371,14,1,4,1,0,20,0.7
1372,13,1,4,1,0,19,0.6842105263157895
1373,13,1,4,1,0,19,0.6842105263157895
1374,14,1,4,1,0,20,0.7
1375,16,1,4,1,0,22,0.7272727272727273
1376,14,0,4,1,0,19,0.7368421052631579
1377,14,0,4,1,0,19,0.7368421052631579
1378,15,0,4,1,0,20,0.75
1379,14,1,4,1,0,20,0.7
1380,16,1,3,1,0,21,0.7619047619047619
1381,14,0,4,1,0,19,0.7368421052631579
1382,16,1,4,1,0,22,0.7272727272727273
1383,14,1,4,1,0,20,0.7
1384,15,1,4,1,0,21,0.7142857142857143
1385,14,1,4,1,0,20,0.7
1386,16,1,4,1,0,22,0.7272727272727273
1387,16,1,4,1,0,22,0.7272727272727273
1388,15,1,4,1,0,21,0.7142857142857143
1389,16,1,4,1,0,22,0.7272727272727273
1390,13,1,4,1,0,19,0.6842105263157895
1391,14,1,4,1,0,20,0.7
1392,13,1,4,1,0,19,0.6842105263157895
1393,14,0,4,1,0,19,0.7368421052631579
1394,13,1,3,1,0,18,0.7222222222222222
1395,15,1,4,1,0,21,0.7142857142857143
1396,14,1,3,1,0,19,0.7368421052631579
1397,13,1,4,1,0,19,0.6842105263157895
1398,13,1,4,1,0,19,0.6842105263157895
1399,14,1,4,1,0,20,0.7
1400,14,1,4,1,0,20,0.7
1401,14,0,3,1,0,18,0.7777777777777778
1402,15,1,4,1,0,21,0.7142857142857143
1403,14,0,4,1,0,19,0.7368421052631579
1404,15,1,4,1,0,21,0.7142857142857143
1405,14,0,4,1,0,19,0.7368421052631579
1406,15,0,3,1,0,19,0.7894736842105263
1407,14,0,4,1,0,19,0.7368421052631579
1408,14,0,4,1,0,19,0.7368421052631579
1409,15,0,3,1,0,19,0.7894736842105263
1410,15,0,4,1,0,20,0.75
1411,14,0,3,1,0,18,0.7777777777777778
1412,15,0,4,1,0,20,0.75
1413,14,1,4,1,0,20,0.7
1414,13,0,4,1,0,18,0.7222222222222222
1415,14,0,4,1,0,19,0.7368421052631579
1416,15,1,4,1,0,21,0.7142857142857143
1417,15,0,4,1,0,20,0.75
1418,15,0,3,1,0,19,0.7894736842105263
1419,15,0,4,1,0,20,0.75
1420,16,1,4,1,0,22,0.7272727272727273
1421,15,0,4,1,0,20,0.75
1422,14,0,4,1,0,19,0.7368421052631579
1423,15,0,3,1,0,19,0.7894736842105263
1424,14,0,4,1,0,19,0.7368421052631579
1425,12,0,4,1,0,17,0.7058823529411765
1426,13,0,4,1,0,18,0.7222222222222222
1427,14,1,4,1,0,20,0.7
1428,14,0,4,1,0,19,0.7368421052631579
1429,14,1,4,1,0,20,0.7
1430,16,0,4,1,0,21,0.7619047619047619
1431,13,0,4,1,0,18,0.7222222222222222
1432,15,1,4,1,0,21,0.7142857142857143
1433,15,0,4,1,0,20,0.75
1434,13,1,4,1,0,19,0.6842105263157895
1435,13,1,4,1,0,19,0.6842105263157895
1436,14,0,4,1,0,19,0.7368421052631579
1437,15,0,4,1,0,20,0.75
1438,14,0,4,1,0,19,0.7368421052631579
1439,14,0,4,1,0,19,0.7368421052631579
1440,15,0,3,1,0,19,0.7894736842105263
1441,14,1,4,1,0,20,0.7
1442,12,0,4,1,0,17,0.7058823529411765
1443,15,0,4,1,0,20,0.75
1444,14,0,4,1,0,19,0.7368421052631579
1445,14,0,4,1,0,19,0.7368421052631579
1446,13,0,4,1,0,18,0.7222222222222222
1447,15,0,4,1,0,20,0.75
1448,14,0,4,1,0,19,0.7368421052631579
1449,14,1,3,1,0,19,0.7368421052631579
1450,15,1,4,1,0,21,0.7142857142857143
1451,14,0,4,1,0,19,0.7368421052631579
1452,15,0,4,1,0,20,0.75
1453,16,0,4,1,0,21,0.7619047619047619
1454,15,1,4,1,0,21,0.7142857142857143
1455,15,0,4,1,0,20,0.75
1456,13,1,4,1,0,19,0.6842105263157895
1457,15,0,3,1,0,19,0.7894736842105263
1458,16,0,4,1,0,21,0.7619047619047619
1459,15,0,4,1,0,20,0.75
1460,16,0,4,1,0,21,0.7619047619047619
1461,15,0,4,1,0,20,0.75
1462,14,1,4,1,0,20,0.7
1463,16,0,3,1,0,20,0.8
1464,14,1,4,1,0,20,0.7
1465,13,1,4,1,0,19,0.6842105263157895
1466,13,1,4,1,0,19,0.6842105263157895
1467,15,1,3,1,0,20,0.75
1468,15,0,3,1,0,19,0.7894736842105263
1469,15,1,3,1,0,20,0.75
1470,15,0,4,1,0,20,0.75
1471,14,1,3,1,0,19,0.7368421052631579
1472,11,0,4,1,0,16,0.6875
1473,15,0,4,1,0,20,0.75
1474,16,0,4,1,0,21,0.7619047619047619
1475,15,0,4,1,0,20,0.75
1476,13,0,4,1,0,18,0.7222222222222222
1477,15,1,4,1,0,21,0.7142857142857143
1478,14,1,3,1,0,19,0.7368421052631579
1479,15,1,4,1,0,21,0.7142857142857143
1480,15,1,4,1,0,21,0.7142857142857143
1481,15,0,3,1,0,19,0.7894736842105263
1482,13,0,3,1,0,17,0.7647058823529411
1483,15,1,4,1,0,21,0.7142857142857143
1484,16,1,4,1,0,22,0.7272727272727273
1485,15,0,3,1,0,19,0.7894736842105263
1486,14,1,4,1,0,20,0.7
1487,13,1,4,1,0,19,0.6842105263157895
1488,12,0,3,1,0,16,0.75
1489,14,1,4,1,0,20,0.7
1490,15,1,4,1,0,21,0.7142857142857143
1491,13,0,3,1,0,17,0.7647058823529411
1492,14,0,4,1,0,19,0.7368421052631579
1493,12,0,4,1,0,17,0.7058823529411765
1494,14,0,4,1,0,19,0.7368421052631579
1495,14,0,3,1,0,18,0.7777777777777778
1496,13,0,3,1,0,17,0.7647058823529411
1497,15,0,4,1,0,20,0.75
1498,16,1,4,1,0,22,0.7272727272727273
1499,13,0,3,1,0,17,0.7647058823529411
1500,15,1,3,1,0,20,0.75
1501,15,0,3,1,0,19,0.7894736842105263
1502,15,0,4,1,0,20,0.75
1503,16,0,3,1,0,20,0.8
1504,14,1,4,1,0,20,0.7
1505,16,0,3,1,0,20,0.8
1506,13,0,4,1,0,18,0.7222222222222222
1507,15,0,2,1,0,18,0.8333333333333334
1508,13,0,2,1,0,16,0.8125
1509,11,0,2,1,0,14,0.7857142857142857
1510,15,0,2,1,0,18,0.8333333333333334
1511,13,0,2,1,0,16,0.8125
1512,15,0,2,1,0,18,0.8333333333333334
1513,15,1,2,1,0,19,0.7894736842105263
1514,14,0,2,1,0,17,0.8235294117647058
1515,16,0,2,1,0,19,0.8421052631578947
1516,15,0,2,1,0,18,0.8333333333333334
1517,16,0,2,1,0,19,0.8421052631578947
1518,13,1,3,1,0,18,0.7222222222222222
1519,13,0,2,1,0,16,0.8125
1520,14,0,2,1,0,17,0.8235294117647058
1521,13,0,2,1,0,16,0.8125
1522,12,0,2,1,0,15,0.8
1523,13,0,2,1,0,16,0.8125
1524,15,0,2,1,0,18,0.8333333333333334
1525,15,0,2,1,0,18,0.8333333333333334
1526,15,0,2,1,0,18,0.8333333333333334
1527,15,1,2,1,0,19,0.7894736842105263
1528,15,1,4,1,0,21,0.7142857142857143
1529,14,0,3,1,0,18,0.7777777777777778
1530,14,0,3,1,0,18,0.7777777777777778
1531,14,0,3,1,0,18,0.7777777777777778
1532,14,0,3,1,0,18,0.7777777777777778
1533,15,1,4,1,0,21,0.7142857142857143
1534,13,1,4,1,0,19,0.6842105263157895
1535,15,1,4,1,0,21,0.7142857142857143
1536,14,0,3,1,0,18,0.7777777777777778
1537,15,0,4,1,0,20,0.75
1538,12,1,4,1,0,18,0.6666666666666666
1539,16,0,4,1,0,21,0.7619047619047619
1540,14,0,4,1,0,19,0.7368421052631579
1541,15,1,3,1,0,20,0.75
1542,14,1,4,1,0,20,0.7
1543,14,0,3,1,0,18,0.7777777777777778
1544,14,1,4,1,0,20,0.7
1545,15,0,4,1,0,20,0.75
1546,14,1,4,1,0,20,0.7
1547,15,1,4,1,0,21,0.7142857142857143
1548,15,1,2,1,0,19,0.7894736842105263
1549,15,0,3,1,0,19,0.7894736842105263
1550,13,0,3,1,0,17,0.7647058823529411
1551,14,1,2,1,0,18,0.7777777777777778
1552,15,1,3,1,0,20,0.75
1553,15,0,3,1,0,19,0.7894736842105263
1554,14,1,3,1,0,19,0.7368421052631579
1555,14,1,2,1,0,18,0.7777777777777778
1556,13,0,3,1,0,17,0.7647058823529411
1557,15,1,3,1,0,20,0.75
1558,14,1,3,1,0,19,0.7368421052631579
1559,13,1,3,1,0,18,0.7222222222222222
1560,13,1,3,1,0,18,0.7222222222222222
1561,14,1,3,1,0,19,0.7368421052631579
1562,13,1,3,1,0,18,0.7222222222222222
1563,13,1,3,1,0,18,0.7222222222222222
1564,14,0,3,1,0,18,0.7777777777777778
1565,14,1,3,1,0,19,0.7368421052631579
1566,13,1,2,1,0,17,0.7647058823529411
1567,14,1,3,1,0,19,0.7368421052631579
1568,14,0,3,1,0,18,0.7777777777777778
1569,14,1,3,1,0,19,0.7368421052631579
1570,14,1,3,1,0,19,0.7368421052631579
1571,13,1,3,1,0,18,0.7222222222222222
1572,14,1,4,1,0,20,0.7
1573,15,1,4,1,0,21,0.7142857142857143
1574,14,0,4,1,0,19,0.7368421052631579
1575,14,1,4,1,0,20,0.7
1576,14,0,4,1,0,19,0.7368421052631579
1577,13,1,4,1,0,19,0.6842105263157895
1578,14,1,3,1,0,19,0.7368421052631579
1579,14,0,3,1,0,18,0.7777777777777778
1580,15,0,3,1,0,19,0.7894736842105263
1581,14,1,3,1,0,19,0.7368421052631579
1582,14,0,3,1,0,18,0.7777777777777778
1583,15,0,2,1,0,18,0.8333333333333334
1584,14,1,3,1,0,19,0.7368421052631579
1585,14,0,3,1,0,18,0.7777777777777778
1586,14,1,2,1,0,18,0.7777777777777778
1587,14,1,3,1,0,19,0.7368421052631579
1588,13,0,3,1,0,17,0.7647058823529411
1589,15,1,3,1,0,20,0.75
1590,13,1,3,1,0,18,0.7222222222222222
1591,13,1,3,1,0,18,0.7222222222222222
1592,14,1,2,1,0,18,0.7777777777777778
1593,14,1,3,1,0,19,0.7368421052631579
1594,12,0,3,1,0,16,0.75
1595,14,1,4,1,0,20,0.7
1596,13,0,3,1,0,17,0.7647058823529411
1597,14,1,3,1,0,19,0.7368421052631579
1598,11,1,3,1,0,16,0.6875
1599,12,0,3,1,0,16,0.75
1600,12,0,3,1,0,16,0.75
1601,9,0,3,1,0,13,0.6923076923076923
1602,13,1,3,1,0,18,0.7222222222222222
1603,13,0,3,1,0,17,0.7647058823529411
1604,11,0,3,1,0,15,0.7333333333333333
1605,13,1,3,1,0,18,0.7222222222222222
1606,13,1,3,1,0,18,0.7222222222222222
1607,14,1,3,1,0,19,0.7368421052631579
1608,13,0,2,1,0,16,0.8125
1609,13,0,3,1,0,17,0.7647058823529411
1610,15,0,3,1,0,19,0.7894736842105263
1611,15,0,4,1,0,20,0.75
1612,11,0,4,1,0,16,0.6875
1613,13,0,2,2,0,17,0.7647058823529411
1614,14,0,3,2,0,19,0.7368421052631579
1615,13,0,3,1,0,17,0.7647058823529411
1616,13,0,4,2,0,19,0.6842105263157895
1617,14,0,2,1,0,17,0.8235294117647058
1618,14,0,2,1,0,17,0.8235294117647058
1619,11,0,2,1,0,14,0.7857142857142857
1620,13,0,3,2,0,18,0.7222222222222222
1621,11,0,3,2,0,16,0.6875
1622,11,0,4,2,0,17,0.6470588235294118
1623,13,1,3,2,0,19,0.6842105263157895
1624,13,0,3,2,0,18,0.7222222222222222
1625,11,1,3,1,0,16,0.6875
1626,12,0,3,1,0,16,0.75
1627,12,0,4,2,0,18,0.6666666666666666
1628,11,1,4,2,0,18,0.6111111111111112
1629,12,1,3,1,0,17,0.7058823529411765
1630,12,0,4,2,0,18,0.6666666666666666
1631,10,1,3,2,0,16,0.625
1632,10,0,4,2,0,16,0.625
1633,11,0,4,2,0,17,0.6470588235294118
1634,12,0,4,2,0,18,0.6666666666666666
1635,13,0,4,1,0,18,0.7222222222222222
1636,13,1,4,1,0,19,0.6842105263157895
1637,12,1,3,1,0,17,0.7058823529411765
1638,14,1,4,1,0,20,0.7
1639,11,1,3,1,0,16,0.6875
1640,12,1,2,1,0,16,0.75
1641,13,1,4,1,0,19,0.6842105263157895
1642,14,0,4,1,0,19,0.7368421052631579
1643,13,1,3,1,0,18,0.7222222222222222
1644,14,1,3,1,0,19,0.7368421052631579
1645,14,0,4,1,0,19,0.7368421052631579
1646,15,1,3,1,0,20,0.75
1647,15,1,2,1,0,19,0.7894736842105263
1648,15,1,3,1,0,20,0.75
1649,15,1,3,1,0,20,0.75
1650,15,1,3,1,0,20,0.75
1651,14,1,2,1,0,18,0.7777777777777778
1652,15,1,3,1,0,20,0.75
1653,13,1,2,1,0,17,0.7647058823529411
1654,16,1,2,1,0,20,0.8
1655,15,1,2,1,0,19,0.7894736842105263
1656,15,0,2,1,0,18,0.8333333333333334
1657,15,1,2,1,0,19,0.7894736842105263
1658,15,1,2,1,0,19,0.7894736842105263
1659,14,0,2,1,0,17,0.8235294117647058
1660,15,1,2,1,0,19,0.7894736842105263
1661,15,1,2,1,0,19,0.7894736842105263
1662,15,1,2,1,0,19,0.7894736842105263
1663,16,1,2,1,0,20,0.8
1664,16,1,2,1,0,20,0.8
1665,15,1,2,1,0,19,0.7894736842105263
1666,15,1,2,1,0,19,0.7894736842105263
1667,14,1,2,1,0,18,0.7777777777777778
1668,13,1,2,1,0,17,0.7647058823529411
1669,14,0,2,1,0,17,0.8235294117647058
1670,14,1,2,1,0,18,0.7777777777777778
1671,15,1,2,1,0,19,0.7894736842105263
1672,15,1,3,1,0,20,0.75
1673,15,1,2,1,0,19,0.7894736842105263
1674,13,1,2,1,0,17,0.7647058823529411
1675,14,1,2,1,0,18,0.7777777777777778
1676,12,1,2,1,0,16,0.75
1677,14,1,2,1,0,18,0.7777777777777778
1678,14,1,2,1,0,18,0.7777777777777778
1679,16,1,2,1,0,20,0.8
1680,13,1,3,1,0,18,0.7222222222222222
1681,14,1,2,1,0,18,0.7777777777777778
1682,13,1,2,1,0,17,0.7647058823529411
1683,14,1,2,1,0,18,0.7777777777777778
1684,14,1,2,1,0,18,0.7777777777777778
1685,14,1,2,1,0,18,0.7777777777777778
1686,14,1,2,1,0,18,0.7777777777777778
1687,14,0,2,1,0,17,0.8235294117647058
1688,15,1,2,1,0,19,0.7894736842105263
1689,15,1,2,1,0,19,0.7894736842105263
1690,16,1,2,1,0,20,0.8
1691,14,0,2,1,0,17,0.8235294117647058
1692,14,1,2,1,0,18,0.7777777777777778
1693,15,1,2,1,0,19,0.7894736842105263
1694,14,1,4,1,0,20,0.7
1695,14,0,3,1,0,18,0.7777777777777778
1696,14,1,4,1,0,20,0.7
1697,15,1,3,1,0,20,0.75
1698,15,1,3,1,0,20,0.75
1699,15,1,4,1,0,21,0.7142857142857143
1700,14,1,3,1,0,19,0.7368421052631579
1701,15,0,4,1,0,20,0.75
1702,14,1,4,1,0,20,0.7
1703,13,1,4,1,0,19,0.6842105263157895
1704,12,1,4,1,0,18,0.6666666666666666
1705,15,1,4,1,0,21,0.7142857142857143
1706,15,1,4,1,0,21,0.7142857142857143
1707,16,1,4,1,0,22,0.7272727272727273
1708,14,1,4,1,0,20,0.7
1709,14,1,4,1,0,20,0.7
1710,15,0,4,1,0,20,0.75
1711,13,1,4,1,0,19,0.6842105263157895
1712,15,1,4,1,0,21,0.7142857142857143
1713,15,0,4,1,0,20,0.75
1714,14,1,4,1,0,20,0.7
1715,14,1,4,1,0,20,0.7
1716,15,1,3,1,0,20,0.75
1717,16,0,4,1,0,21,0.7619047619047619
1718,14,1,4,1,0,20,0.7
1719,16,1,4,1,0,22,0.7272727272727273
1720,15,1,4,1,0,21,0.7142857142857143
1721,15,1,4,1,0,21,0.7142857142857143
1722,15,1,4,1,0,21,0.7142857142857143
1723,16,1,3,1,0,21,0.7619047619047619
1724,15,1,4,1,0,21,0.7142857142857143
1725,14,0,3,1,0,18,0.7777777777777778
1726,15,1,4,1,0,21,0.7142857142857143
1727,15,1,4,1,0,21,0.7142857142857143
1728,13,1,4,1,0,19,0.6842105263157895
1729,14,1,4,1,0,20,0.7
1730,13,1,4,1,0,19,0.6842105263157895
1731,15,1,4,1,0,21,0.7142857142857143
1732,15,0,3,1,0,19,0.7894736842105263
1733,13,1,3,1,0,18,0.7222222222222222
1734,15,0,4,1,0,20,0.75
1735,14,0,3,1,0,18,0.7777777777777778
1736,14,0,3,1,0,18,0.7777777777777778
1737,16,0,3,1,0,20,0.8
1738,15,0,3,1,0,19,0.7894736842105263
1739,14,1,3,1,0,19,0.7368421052631579
1740,15,0,3,1,0,19,0.7894736842105263
1741,16,1,3,1,0,21,0.7619047619047619
1742,15,1,3,1,0,20,0.75
1743,15,1,3,1,0,20,0.75
1744,13,1,3,1,0,18,0.7222222222222222
1745,13,1,3,1,0,18,0.7222222222222222
1746,14,1,3,1,0,19,0.7368421052631579
1747,14,1,3,1,0,19,0.7368421052631579
1748,16,1,3,1,0,21,0.7619047619047619
1749,15,1,3,1,0,20,0.75
1750,14,1,3,1,0,19,0.7368421052631579
1751,16,1,4,1,0,22,0.7272727272727273
1752,15,0,3,1,0,19,0.7894736842105263
1753,15,1,3,1,0,20,0.75
1754,15,0,3,1,0,19,0.7894736842105263
1755,15,1,4,1,0,21,0.7142857142857143
1756,15,0,3,1,0,19,0.7894736842105263
1757,16,0,3,1,0,20,0.8
1758,16,1,3,1,0,21,0.7619047619047619
1759,15,1,3,1,0,20,0.75
1760,14,1,3,1,0,19,0.7368421052631579
1761,14,1,3,1,0,19,0.7368421052631579
1762,16,1,2,1,0,20,0.8
1763,12,1,2,1,0,16,0.75
1764,14,1,2,1,0,18,0.7777777777777778
1765,15,1,3,1,0,20,0.75
1766,15,1,2,1,0,19,0.7894736842105263
1767,15,1,2,1,0,19,0.7894736842105263
1768,16,1,2,1,0,20,0.8
1769,14,1,3,1,0,19,0.7368421052631579
1770,13,1,3,1,0,18,0.7222222222222222
1771,15,1,3,1,0,20,0.75
1772,15,1,2,1,0,19,0.7894736842105263
1773,16,1,3,1,0,21,0.7619047619047619
1774,16,1,3,1,0,21,0.7619047619047619
1775,16,1,3,1,0,21,0.7619047619047619
1776,15,1,2,1,0,19,0.7894736842105263
1777,15,1,3,1,0,20,0.75
1778,15,1,2,1,0,19,0.7894736842105263
1779,16,1,3,1,0,21,0.7619047619047619
1780,13,1,2,1,0,17,0.7647058823529411
1781,15,1,3,1,0,20,0.75
1782,15,1,3,1,0,20,0.75
1783,14,1,4,1,0,20,0.7
1784,15,1,3,1,0,20,0.75
1785,14,0,3,1,0,18,0.7777777777777778
1786,15,1,4,1,0,21,0.7142857142857143
1787,14,1,3,1,0,19,0.7368421052631579
1788,15,1,3,1,0,20,0.75
1789,14,1,3,1,0,19,0.7368421052631579
1790,15,1,3,1,0,20,0.75
1791,15,1,3,1,0,20,0.75
1792,14,1,3,1,0,19,0.7368421052631579
1793,17,0,2,1,0,20,0.85
1794,15,0,2,1,0,18,0.8333333333333334
1795,15,0,3,1,0,19,0.7894736842105263
1796,16,1,3,1,0,21,0.7619047619047619
1797,12,1,3,1,0,17,0.7058823529411765
1798,14,1,3,1,0,19,0.7368421052631579
1799,14,0,3,1,0,18,0.7777777777777778
1800,13,1,2,1,0,17,0.7647058823529411
1801,14,1,2,1,0,18,0.7777777777777778
1802,15,1,2,1,0,19,0.7894736842105263
1803,13,0,2,1,0,16,0.8125
1804,14,1,2,1,0,18,0.7777777777777778
1805,13,1,2,1,0,17,0.7647058823529411
1806,14,1,2,1,0,18,0.7777777777777778
1807,13,1,2,1,0,17,0.7647058823529411
1808,14,1,2,1,0,18,0.7777777777777778
1809,15,1,2,1,0,19,0.7894736842105263
1810,14,1,2,1,0,18,0.7777777777777778
1811,14,1,2,1,0,18,0.7777777777777778
1812,14,1,2,1,0,18,0.7777777777777778
1813,14,1,2,1,0,18,0.7777777777777778
1814,14,1,2,1,0,18,0.7777777777777778
1815,13,1,3,1,0,18,0.7222222222222222
1816,13,1,2,1,0,17,0.7647058823529411
1817,15,1,3,1,0,20,0.75
1818,14,1,3,1,0,19,0.7368421052631579
1819,13,1,2,1,0,17,0.7647058823529411
1820,13,1,2,1,0,17,0.7647058823529411
1821,15,1,3,1,0,20,0.75
1822,15,0,3,1,0,19,0.7894736842105263
1823,14,1,2,1,0,18,0.7777777777777778
1824,14,1,2,1,0,18,0.7777777777777778
1825,14,1,2,1,0,18,0.7777777777777778
1826,14,1,2,1,0,18,0.7777777777777778
1827,14,1,2,1,0,18,0.7777777777777778
1828,15,1,2,1,0,19,0.7894736842105263
1829,14,1,2,1,0,18,0.7777777777777778
1830,14,1,2,1,0,18,0.7777777777777778
1831,15,1,2,1,0,19,0.7894736842105263
1832,15,1,4,1,0,21,0.7142857142857143
1833,14,1,4,1,0,20,0.7
1834,13,1,2,1,0,17,0.7647058823529411
1835,14,1,2,1,0,18,0.7777777777777778
1836,14,1,2,1,0,18,0.7777777777777778
1837,12,1,4,1,0,18,0.6666666666666666
1838,15,0,3,1,0,19,0.7894736842105263
1839,15,1,3,1,0,20,0.75
1840,16,1,3,1,0,21,0.7619047619047619
1841,15,0,2,1,0,18,0.8333333333333334
1842,15,1,3,1,0,20,0.75
1843,15,1,4,1,0,21,0.7142857142857143
1844,14,0,2,1,0,17,0.8235294117647058
1845,15,1,2,1,0,19,0.7894736842105263
1846,14,1,3,1,0,19,0.7368421052631579
1847,15,1,2,1,0,19,0.7894736842105263
1848,15,1,2,1,0,19,0.7894736842105263
1849,15,1,2,1,0,19,0.7894736842105263
1850,15,0,2,1,0,18,0.8333333333333334
1851,15,1,2,1,0,19,0.7894736842105263
1852,15,1,2,1,0,19,0.7894736842105263
1853,15,1,4,1,0,21,0.7142857142857143
1854,13,0,3,1,0,17,0.7647058823529411
1855,15,1,3,1,0,20,0.75
1856,15,1,2,1,0,19,0.7894736842105263
1857,12,1,3,1,0,17,0.7058823529411765
1858,14,1,2,1,0,18,0.7777777777777778
1859,14,0,2,1,0,17,0.8235294117647058
1860,13,1,3,1,0,18,0.7222222222222222
1861,14,1,2,1,0,18,0.7777777777777778
1862,15,1,3,1,0,20,0.75
1863,14,1,3,1,0,19,0.7368421052631579
1864,14,1,2,1,0,18,0.7777777777777778
1865,15,1,3,1,0,20,0.75
1866,15,1,3,1,0,20,0.75
1867,14,0,2,1,0,17,0.8235294117647058
1868,15,0,2,1,0,18,0.8333333333333334
1869,15,1,2,1,0,19,0.7894736842105263
1870,15,1,2,1,0,19,0.7894736842105263
1871,13,1,4,1,0,19,0.6842105263157895
1872,15,1,3,1,0,20,0.75
1873,14,0,4,1,0,19,0.7368421052631579
1874,16,1,3,1,0,21,0.7619047619047619
1875,15,1,2,1,0,19,0.7894736842105263
1876,14,1,3,1,0,19,0.7368421052631579
1877,15,1,3,1,0,20,0.75
1878,14,1,4,1,0,20,0.7
1879,14,1,2,1,0,18,0.7777777777777778
1880,15,1,2,1,0,19,0.7894736842105263
1881,12,1,2,1,0,16,0.75
1882,14,1,2,1,0,18,0.7777777777777778
1883,13,1,2,1,0,17,0.7647058823529411
1884,15,1,3,1,0,20,0.75
1885,16,1,2,1,0,20,0.8
1886,15,1,2,1,0,19,0.7894736842105263
1887,14,1,3,1,0,19,0.7368421052631579
1888,15,0,2,1,0,18,0.8333333333333334
1889,13,0,2,1,0,16,0.8125
1890,15,1,3,1,0,20,0.75
1891,16,0,3,1,0,20,0.8
1892,14,1,3,1,0,19,0.7368421052631579
1893,16,1,3,1,0,21,0.7619047619047619
1894,14,1,2,1,0,18,0.7777777777777778
1895,14,0,3,1,0,18,0.7777777777777778
1896,13,1,4,1,0,19,0.6842105263157895
1897,15,1,2,1,0,19,0.7894736842105263
1898,13,1,3,1,0,18,0.7222222222222222
1899,12,1,4,1,0,18,0.6666666666666666
1900,15,0,4,1,0,20,0.75
1901,15,0,4,1,0,20,0.75
1902,14,1,2,1,0,18,0.7777777777777778
1903,15,1,3,1,0,20,0.75
1904,13,1,4,1,0,19,0.6842105263157895
1905,13,1,3,1,0,18,0.7222222222222222
1906,14,1,3,1,0,19,0.7368421052631579
1907,14,1,3,1,0,19,0.7368421052631579
1908,16,0,3,1,0,20,0.8
1909,14,1,3,1,0,19,0.7368421052631579
1910,15,0,2,1,0,18,0.8333333333333334
1911,15,1,2,1,0,19,0.7894736842105263
1912,14,1,2,1,0,18,0.7777777777777778
1913,15,1,3,1,0,20,0.75
1914,15,0,3,1,0,19,0.7894736842105263
1915,15,0,2,1,0,18,0.8333333333333334
1916,14,1,2,1,0,18,0.7777777777777778
1917,15,1,2,1,0,19,0.7894736842105263
1918,15,1,2,1,0,19,0.7894736842105263
1919,15,1,4,1,0,21,0.7142857142857143
1920,14,0,2,1,0,17,0.8235294117647058
1921,14,0,2,1,0,17,0.8235294117647058
1922,15,1,2,1,0,19,0.7894736842105263
1923,14,0,2,1,0,17,0.8235294117647058
1924,13,1,3,1,0,18,0.7222222222222222
1925,15,1,2,1,0,19,0.7894736842105263
1926,13,1,2,1,0,17,0.7647058823529411
1927,14,1,2,1,0,18,0.7777777777777778
1928,14,0,2,1,0,17,0.8235294117647058
1929,14,1,3,1,0,19,0.7368421052631579
1930,13,1,3,1,0,18,0.7222222222222222
1931,15,1,2,1,0,19,0.7894736842105263
1932,14,1,3,1,0,19,0.7368421052631579
1933,15,1,3,1,0,20,0.75
1934,15,1,2,1,0,19,0.7894736842105263
1935,14,1,2,1,0,18,0.7777777777777778
1936,15,1,2,1,0,19,0.7894736842105263
1937,15,0,2,1,0,18,0.8333333333333334
1938,15,0,3,1,0,19,0.7894736842105263
1939,15,0,3,1,0,19,0.7894736842105263
1940,14,1,2,1,0,18,0.7777777777777778
1941,13,1,2,1,0,17,0.7647058823529411
1942,14,1,2,1,0,18,0.7777777777777778
1943,14,1,2,1,0,18,0.7777777777777778
1944,15,1,3,1,0,20,0.75
1945,14,0,3,1,0,18,0.7777777777777778
1946,16,0,3,1,0,20,0.8
1947,14,1,3,1,0,19,0.7368421052631579
1948,15,1,3,1,0,20,0.75
1949,15,1,3,1,0,20,0.75
1950,15,1,3,1,0,20,0.75
1951,15,1,3,1,0,20,0.75
1952,12,1,3,1,0,17,0.7058823529411765
1953,13,0,4,1,0,18,0.7222222222222222
1954,16,0,3,1,0,20,0.8
1955,14,0,3,1,0,18,0.7777777777777778
1956,15,0,3,1,0,19,0.7894736842105263
1957,13,0,3,1,0,17,0.7647058823529411
1958,15,1,2,1,0,19,0.7894736842105263
1959,15,1,3,1,0,20,0.75
1960,15,0,2,1,0,18,0.8333333333333334
1961,16,0,3,1,0,20,0.8
1962,15,0,4,1,0,20,0.75
1963,15,0,3,1,0,19,0.7894736842105263
1964,13,1,3,1,0,18,0.7222222222222222
1965,16,1,3,1,0,21,0.7619047619047619
1966,15,0,3,1,0,19,0.7894736842105263
1967,14,0,4,1,0,19,0.7368421052631579
1968,13,0,3,1,0,17,0.7647058823529411
1969,12,0,3,2,0,17,0.7058823529411765
1970,14,0,2,1,0,17,0.8235294117647058
1971,13,1,3,1,0,18,0.7222222222222222
1972,14,0,3,1,0,18,0.7777777777777778
1973,14,0,3,2,0,19,0.7368421052631579
1974,16,0,2,1,0,19,0.8421052631578947
1975,13,0,3,1,0,17,0.7647058823529411
1976,14,0,3,1,0,18,0.7777777777777778
1977,14,0,3,2,0,19,0.7368421052631579
1978,15,0,3,1,0,19,0.7894736842105263
1979,14,0,3,2,0,19,0.7368421052631579
1980,14,0,3,1,0,18,0.7777777777777778
1981,14,0,3,1,0,18,0.7777777777777778
1982,14,0,3,2,0,19,0.7368421052631579
1983,16,1,3,1,0,21,0.7619047619047619
1984,14,1,2,1,0,18,0.7777777777777778
1985,15,1,2,1,0,19,0.7894736842105263
1986,14,0,3,1,0,18,0.7777777777777778
1987,15,1,3,1,0,20,0.75
1988,15,1,4,1,0,21,0.7142857142857143
1989,15,1,2,1,0,19,0.7894736842105263
1990,16,0,3,1,0,20,0.8
1991,14,1,3,1,0,19,0.7368421052631579
1992,15,1,3,1,0,20,0.75
1993,14,1,3,1,0,19,0.7368421052631579
1994,14,1,3,1,0,19,0.7368421052631579
1995,13,1,4,1,0,19,0.6842105263157895
1996,15,1,2,1,0,19,0.7894736842105263
1997,15,1,3,1,0,20,0.75
1998,14,1,3,1,0,19,0.7368421052631579
1999,14,1,3,1,0,19,0.7368421052631579
2000,15,1,3,1,0,20,0.75
2001,15,0,3,1,0,19,0.7894736842105263
2002,16,1,3,1,0,21,0.7619047619047619
2003,14,1,3,1,0,19,0.7368421052631579
2004,15,1,3,1,0,20,0.75
2005,15,1,3,1,0,20,0.75
2006,14,1,2,1,0,18,0.7777777777777778
2007,14,1,2,1,0,18,0.7777777777777778
2008,13,1,2,1,0,17,0.7647058823529411
2009,14,0,4,1,0,19,0.7368421052631579
2010,14,1,3,1,0,19,0.7368421052631579
2011,15,1,4,1,0,21,0.7142857142857143
2012,15,1,4,1,0,21,0.7142857142857143
2013,15,1,4,1,0,21,0.7142857142857143
2014,16,0,4,1,0,21,0.7619047619047619
2015,14,0,4,1,0,19,0.7368421052631579
2016,15,1,2,1,0,19,0.7894736842105263
2017,15,1,4,1,0,21,0.7142857142857143
2018,15,1,3,1,0,20,0.75
2019,14,0,4,1,0,19,0.7368421052631579
2020,14,1,4,1,0,20,0.7
2021,16,1,4,1,0,22,0.7272727272727273
2022,16,1,3,1,0,21,0.7619047619047619
2023,15,1,3,1,0,20,0.75
2024,16,0,4,1,0,21,0.7619047619047619
2025,14,1,2,1,0,18,0.7777777777777778
2026,15,1,3,1,0,20,0.75
2027,14,0,3,1,0,18,0.7777777777777778
2028,14,1,4,1,0,20,0.7
2029,14,1,3,1,0,19,0.7368421052631579
2030,15,1,2,1,0,19,0.7894736842105263
2031,16,1,2,1,0,20,0.8
2032,15,0,3,1,0,19,0.7894736842105263
2033,16,1,4,1,0,22,0.7272727272727273
2034,16,1,3,1,0,21,0.7619047619047619
2035,14,1,4,1,0,20,0.7
2036,15,1,4,1,0,21,0.7142857142857143
2037,15,1,3,1,0,20,0.75
2038,16,1,3,1,0,21,0.7619047619047619
2039,15,1,3,1,0,20,0.75
2040,14,1,4,1,0,20,0.7
2041,15,1,3,1,0,20,0.75
2042,14,1,3,1,0,19,0.7368421052631579
2043,15,0,4,1,0,20,0.75
2044,15,1,3,1,0,20,0.75
2045,15,0,4,1,0,20,0.75
2046,14,1,4,1,0,20,0.7
2047,14,1,4,1,0,20,0.7
2048,15,1,4,2,0,22,0.6818181818181818
2049,13,1,4,1,0,19,0.6842105263157895
2050,14,0,2,1,0,17,0.8235294117647058
2051,14,1,4,2,0,21,0.6666666666666666
2052,15,1,3,1,0,20,0.75
2053,15,1,3,1,0,20,0.75
2054,16,0,3,1,0,20,0.8
2055,12,1,3,1,0,17,0.7058823529411765
2056,14,1,3,1,0,19,0.7368421052631579
2057,15,0,3,1,0,19,0.7894736842105263
2058,15,0,3,1,0,19,0.7894736842105263
2059,16,0,3,1,0,20,0.8
2060,14,1,3,1,0,19,0.7368421052631579
2061,13,0,5,1,0,19,0.6842105263157895
2062,14,0,4,1,0,19,0.7368421052631579
2063,16,0,3,1,0,20,0.8
2064,14,0,3,1,0,18,0.7777777777777778
2065,14,0,4,2,0,20,0.7
2066,15,0,2,1,0,18,0.8333333333333334
2067,14,0,4,1,0,19,0.7368421052631579
2068,13,1,3,1,0,18,0.7222222222222222
2069,16,1,3,1,0,21,0.7619047619047619
2070,14,1,3,1,0,19,0.7368421052631579
2071,14,0,3,1,0,18,0.7777777777777778
2072,15,0,3,1,0,19,0.7894736842105263
2073,14,0,3,1,0,18,0.7777777777777778
2074,13,0,2,1,0,16,0.8125
2075,14,0,2,1,0,17,0.8235294117647058
2076,15,1,3,1,0,20,0.75
2077,13,1,2,1,0,17,0.7647058823529411
2078,14,1,3,1,0,19,0.7368421052631579
2079,14,0,3,1,0,18,0.7777777777777778
2080,14,1,3,1,0,19,0.7368421052631579
2081,15,1,3,1,0,20,0.75
2082,14,1,3,1,0,19,0.7368421052631579
2083,14,1,3,1,0,19,0.7368421052631579
2084,15,1,3,1,0,20,0.75
2085,15,1,3,1,0,20,0.75
2086,15,0,2,1,0,18,0.8333333333333334
2087,14,1,3,1,0,19,0.7368421052631579
2088,14,1,4,1,0,20,0.7
2089,15,1,3,1,0,20,0.75
2090,15,1,3,1,0,20,0.75
2091,14,1,3,1,0,19,0.7368421052631579
2092,15,0,2,1,0,18,0.8333333333333334
2093,15,1,3,1,0,20,0.75
2094,14,0,3,1,0,18,0.7777777777777778
2095,15,0,3,1,0,19,0.7894736842105263
2096,13,0,4,1,0,18,0.7222222222222222
2097,13,1,3,1,0,18,0.7222222222222222
2098,14,0,4,2,0,20,0.7
2099,14,0,3,1,0,18,0.7777777777777778
2100,14,0,3,1,0,18,0.7777777777777778
2101,16,1,4,1,0,22,0.7272727272727273
2102,15,1,3,1,0,20,0.75
2103,16,1,3,1,0,21,0.7619047619047619
2104,16,1,3,1,0,21,0.7619047619047619
2105,14,0,3,1,0,18,0.7777777777777778
2106,13,0,4,1,0,18,0.7222222222222222
2107,14,0,4,1,0,19,0.7368421052631579
2108,16,1,3,1,0,21,0.7619047619047619
2109,13,1,4,1,0,19,0.6842105263157895
2110,13,1,3,1,0,18,0.7222222222222222
2111,15,0,3,1,0,19,0.7894736842105263
2112,14,0,2,1,0,17,0.8235294117647058
2113,15,1,4,1,0,21,0.7142857142857143
2114,15,1,3,1,0,20,0.75
2115,14,1,3,1,0,19,0.7368421052631579
2116,15,0,3,1,0,19,0.7894736842105263
2117,14,0,3,1,0,18,0.7777777777777778
2118,15,1,3,1,0,20,0.75
2119,16,0,3,1,0,20,0.8
2120,13,1,3,1,0,18,0.7222222222222222
2121,13,1,3,1,0,18,0.7222222222222222
2122,16,1,4,1,0,22,0.7272727272727273
2123,15,1,3,1,0,20,0.75
2124,13,1,3,1,0,18,0.7222222222222222
2125,13,0,3,1,0,17,0.7647058823529411
2126,15,1,3,1,0,20,0.75
2127,15,1,4,1,0,21,0.7142857142857143
2128,16,0,3,1,0,20,0.8
2129,14,0,3,1,0,18,0.7777777777777778
2130,14,1,3,1,0,19,0.7368421052631579
2131,14,0,3,1,0,18,0.7777777777777778
2132,15,1,3,1,0,20,0.75
2133,14,1,3,1,0,19,0.7368421052631579
2134,16,1,3,1,0,21,0.7619047619047619
2135,15,0,3,1,0,19,0.7894736842105263
2136,14,1,3,1,0,19,0.7368421052631579
2137,14,1,3,1,0,19,0.7368421052631579
2138,15,1,3,1,0,20,0.75
2139,13,1,3,1,0,18,0.7222222222222222
2140,13,1,3,1,0,18,0.7222222222222222
2141,14,1,3,1,0,19,0.7368421052631579
2142,12,1,3,1,0,17,0.7058823529411765
2143,15,1,3,1,0,20,0.75
2144,14,0,3,1,0,18,0.7777777777777778
2145,13,0,3,1,0,17,0.7647058823529411
2146,14,1,3,1,0,19,0.7368421052631579
2147,12,1,3,1,0,17,0.7058823529411765
2148,15,1,3,1,0,20,0.75
2149,14,1,2,1,0,18,0.7777777777777778
2150,13,0,3,1,0,17,0.7647058823529411
2151,14,1,3,1,0,19,0.7368421052631579
2152,15,0,3,1,0,19,0.7894736842105263
2153,17,1,3,1,0,22,0.7727272727272727
2154,15,0,3,1,0,19,0.7894736842105263
2155,15,0,2,1,0,18,0.8333333333333334
2156,14,0,3,1,0,18,0.7777777777777778
2157,15,1,3,1,0,20,0.75
2158,13,1,3,1,0,18,0.7222222222222222
2159,13,0,3,1,0,17,0.7647058823529411
2160,16,1,3,1,0,21,0.7619047619047619
2161,15,1,3,1,0,20,0.75
2162,13,1,3,1,0,18,0.7222222222222222
2163,16,1,3,1,0,21,0.7619047619047619
2164,15,0,3,1,0,19,0.7894736842105263
2165,15,1,3,1,0,20,0.75
2166,15,1,3,1,0,20,0.75
2167,17,1,3,1,0,22,0.7727272727272727
2168,13,1,3,1,0,18,0.7222222222222222
2169,14,1,3,1,0,19,0.7368421052631579
2170,13,1,3,1,0,18,0.7222222222222222
2171,14,1,3,1,0,19,0.7368421052631579
2172,14,1,3,1,0,19,0.7368421052631579
2173,16,1,3,2,0,22,0.7272727272727273
2174,16,0,3,1,0,20,0.8
2175,13,1,3,1,0,18,0.7222222222222222
2176,15,1,3,1,0,20,0.75
2177,14,0,2,1,0,17,0.8235294117647058
2178,13,1,3,1,0,18,0.7222222222222222
2179,14,0,2,2,0,18,0.7777777777777778
2180,13,1,4,2,0,20,0.65
2181,13,1,3,1,0,18,0.7222222222222222
2182,13,0,3,1,0,17,0.7647058823529411
2183,15,0,3,2,0,20,0.75
2184,13,1,4,1,0,19,0.6842105263157895
2185,12,1,3,2,0,18,0.6666666666666666
2186,10,1,4,1,0,16,0.625
2187,13,0,3,2,0,18,0.7222222222222222
2188,13,1,4,2,0,20,0.65
2189,15,0,4,2,0,21,0.7142857142857143
2190,12,1,4,2,0,19,0.631578947368421
2191,11,0,4,2,0,17,0.6470588235294118
2192,13,0,4,1,0,18,0.7222222222222222
2193,12,0,3,2,0,17,0.7058823529411765
2194,14,1,2,1,0,18,0.7777777777777778
2195,14,0,3,1,0,18,0.7777777777777778
2196,11,0,4,2,0,17,0.6470588235294118
2197,15,0,3,1,0,19,0.7894736842105263
2198,12,0,3,1,0,16,0.75
2199,12,0,4,2,0,18,0.6666666666666666
2200,14,1,3,2,0,20,0.7
2201,12,0,4,2,0,18,0.6666666666666666
2202,13,0,3,1,0,17,0.7647058823529411
2203,11,0,3,1,0,15,0.7333333333333333
2204,14,0,4,1,0,19,0.7368421052631579
2205,13,0,4,2,0,19,0.6842105263157895
2206,13,0,4,2,0,19,0.6842105263157895
2207,12,0,3,1,0,16,0.75
2208,12,0,4,2,0,18,0.6666666666666666
2209,12,0,3,2,0,17,0.7058823529411765
2210,12,1,3,2,0,18,0.6666666666666666
2211,11,0,3,2,0,16,0.6875
2212,15,0,3,1,0,19,0.7894736842105263
2213,12,1,3,2,0,18,0.6666666666666666
2214,11,0,2,1,0,14,0.7857142857142857
2215,10,0,4,2,0,16,0.625
2216,13,0,3,1,0,17,0.7647058823529411
2217,12,0,4,1,0,17,0.7058823529411765
2218,12,1,4,2,0,19,0.631578947368421
2219,12,0,3,2,0,17,0.7058823529411765
2220,14,1,4,1,0,20,0.7
2221,13,0,2,2,0,17,0.7647058823529411
2222,14,0,3,1,0,18,0.7777777777777778
2223,10,1,4,2,0,17,0.5882352941176471
2224,14,0,3,1,0,18,0.7777777777777778
2225,14,0,3,1,0,18,0.7777777777777778
2226,13,1,4,1,0,19,0.6842105263157895
2227,13,1,4,1,0,19,0.6842105263157895
2228,14,0,4,1,0,19,0.7368421052631579
2229,15,1,4,1,0,21,0.7142857142857143
2230,15,1,4,1,0,21,0.7142857142857143
2231,16,1,4,1,0,22,0.7272727272727273
2232,15,1,4,1,0,21,0.7142857142857143
2233,13,1,4,1,0,19,0.6842105263157895
2234,14,1,4,1,0,20,0.7
2235,14,1,4,1,0,20,0.7
2236,15,1,4,1,0,21,0.7142857142857143
2237,14,1,4,1,0,20,0.7
2238,14,1,4,2,0,21,0.6666666666666666
2239,15,1,4,1,0,21,0.7142857142857143
2240,15,1,4,1,0,21,0.7142857142857143
2241,14,1,4,1,0,20,0.7
2242,16,1,4,1,0,22,0.7272727272727273
2243,16,1,4,1,0,22,0.7272727272727273
2244,15,1,3,1,0,20,0.75
2245,14,1,4,1,0,20,0.7
2246,16,0,2,1,0,19,0.8421052631578947
2247,14,0,4,1,0,19,0.7368421052631579
2248,13,1,4,1,0,19,0.6842105263157895
2249,14,1,2,1,0,18,0.7777777777777778
2250,16,0,2,1,0,19,0.8421052631578947
2251,14,1,2,1,0,18,0.7777777777777778
2252,15,0,3,1,0,19,0.7894736842105263
2253,13,0,3,1,0,17,0.7647058823529411
2254,15,1,2,1,0,19,0.7894736842105263
2255,15,1,3,1,0,20,0.75
2256,16,1,3,1,0,21,0.7619047619047619
2257,14,0,3,1,0,18,0.7777777777777778
2258,15,0,3,1,0,19,0.7894736842105263
2259,12,1,3,1,0,17,0.7058823529411765
2260,13,1,3,1,0,18,0.7222222222222222
2261,14,1,2,1,0,18,0.7777777777777778
2262,14,1,3,1,0,19,0.7368421052631579
2263,13,0,4,1,0,18,0.7222222222222222
2264,16,1,3,1,0,21,0.7619047619047619
2265,13,1,4,1,0,19,0.6842105263157895
2266,15,1,3,1,0,20,0.75
2267,15,1,3,1,0,20,0.75
2268,15,1,3,1,0,20,0.75
2269,15,1,3,1,0,20,0.75
2270,16,1,3,1,0,21,0.7619047619047619
2271,15,1,3,1,0,20,0.75
2272,14,0,3,1,0,18,0.7777777777777778
2273,15,1,3,1,0,20,0.75
2274,13,0,4,1,0,18,0.7222222222222222
2275,13,0,3,1,0,17,0.7647058823529411
2276,14,1,4,1,0,20,0.7
2277,14,1,4,1,0,20,0.7
2278,15,0,2,1,0,18,0.8333333333333334
2279,14,0,4,1,0,19,0.7368421052631579
2280,13,0,4,1,0,18,0.7222222222222222
2281,16,0,3,2,0,21,0.7619047619047619
2282,14,1,3,1,0,19,0.7368421052631579
2283,13,0,3,1,0,17,0.7647058823529411
2284,14,1,3,1,0,19,0.7368421052631579
2285,13,0,3,1,0,17,0.7647058823529411
2286,12,0,3,1,0,16,0.75
2287,15,0,3,1,0,19,0.7894736842105263
2288,14,1,3,1,0,19,0.7368421052631579
2289,15,1,2,1,0,19,0.7894736842105263
2290,13,1,4,1,0,19,0.6842105263157895
2291,16,1,3,1,0,21,0.7619047619047619
2292,15,1,3,1,0,20,0.75
2293,15,0,3,1,0,19,0.7894736842105263
2294,16,1,3,1,0,21,0.7619047619047619
2295,15,0,3,1,0,19,0.7894736842105263
2296,14,1,3,1,0,19,0.7368421052631579
2297,13,0,3,1,0,17,0.7647058823529411
2298,15,0,3,1,0,19,0.7894736842105263
2299,14,1,3,1,0,19,0.7368421052631579
2300,14,0,3,1,0,18,0.7777777777777778
2301,15,1,3,1,0,20,0.75
2302,14,1,3,1,0,19,0.7368421052631579
2303,13,1,2,1,0,17,0.7647058823529411
2304,15,1,3,1,0,20,0.75
2305,13,1,2,1,0,17,0.7647058823529411
2306,15,1,3,1,0,20,0.75
2307,14,1,3,1,0,19,0.7368421052631579
2308,14,1,3,1,0,19,0.7368421052631579
2309,13,0,3,1,0,17,0.7647058823529411
2310,14,0,3,1,0,18,0.7777777777777778
2311,14,0,3,1,0,18,0.7777777777777778
2312,14,1,2,1,0,18,0.7777777777777778
2313,15,0,3,1,0,19,0.7894736842105263
2314,15,1,3,1,0,20,0.75
2315,14,1,3,1,0,19,0.7368421052631579
2316,16,0,3,1,0,20,0.8
2317,15,0,3,1,0,19,0.7894736842105263
2318,14,1,3,1,0,19,0.7368421052631579
2319,14,0,3,1,0,18,0.7777777777777778
2320,17,0,3,1,0,21,0.8095238095238095
2321,15,1,3,1,0,20,0.75
2322,16,1,3,1,0,21,0.7619047619047619
2323,15,0,3,1,0,19,0.7894736842105263
2324,16,1,2,1,0,20,0.8
2325,14,0,2,1,0,17,0.8235294117647058
2326,15,1,2,1,0,19,0.7894736842105263
2327,14,1,2,1,0,18,0.7777777777777778
2328,15,1,2,1,0,19,0.7894736842105263
2329,15,1,2,1,0,19,0.7894736842105263
2330,14,1,2,1,0,18,0.7777777777777778
2331,14,0,4,1,0,19,0.7368421052631579
2332,16,1,3,1,0,21,0.7619047619047619
2333,15,1,4,1,0,21,0.7142857142857143
2334,16,0,4,1,0,21,0.7619047619047619
2335,14,1,4,1,0,20,0.7
2336,15,0,4,1,0,20,0.75
2337,14,1,4,1,0,20,0.7
2338,14,0,3,1,0,18,0.7777777777777778
2339,14,1,4,1,0,20,0.7
2340,15,0,4,1,0,20,0.75
2341,14,0,4,1,0,19,0.7368421052631579
2342,14,1,4,1,0,20,0.7
2343,15,1,3,1,0,20,0.75
2344,15,0,4,1,0,20,0.75
2345,13,0,4,1,0,18,0.7222222222222222
2346,15,1,4,1,0,21,0.7142857142857143
2347,16,1,4,1,0,22,0.7272727272727273
2348,15,1,3,1,0,20,0.75
2349,15,0,4,1,0,20,0.75
2350,14,1,4,1,0,20,0.7
2351,15,1,4,1,0,21,0.7142857142857143
2352,15,1,4,1,0,21,0.7142857142857143
2353,14,1,4,1,0,20,0.7
2354,14,1,2,1,0,18,0.7777777777777778
2355,16,1,3,1,0,21,0.7619047619047619
2356,15,1,4,1,0,21,0.7142857142857143
2357,15,1,4,1,0,21,0.7142857142857143
2358,16,1,4,1,0,22,0.7272727272727273
2359,15,1,4,1,0,21,0.7142857142857143
2360,15,0,4,1,0,20,0.75
2361,15,0,3,1,0,19,0.7894736842105263
2362,15,1,4,1,0,21,0.7142857142857143
2363,15,1,4,1,0,21,0.7142857142857143
2364,15,1,3,1,0,20,0.75
2365,15,1,3,1,0,20,0.75
2366,15,1,4,1,0,21,0.7142857142857143
2367,15,1,4,1,0,21,0.7142857142857143
2368,15,1,3,1,0,20,0.75
2369,15,1,4,1,0,21,0.7142857142857143
2370,14,1,2,1,0,18,0.7777777777777778
2371,14,1,4,1,0,20,0.7
2372,15,0,4,1,0,20,0.75
2373,15,1,4,1,0,21,0.7142857142857143
2374,14,0,4,1,0,19,0.7368421052631579
2375,15,1,4,1,0,21,0.7142857142857143
2376,15,1,2,1,0,19,0.7894736842105263
2377,14,1,4,1,0,20,0.7
2378,15,0,4,1,0,20,0.75
2379,15,1,4,1,0,21,0.7142857142857143
2380,14,1,4,1,0,20,0.7
2381,14,1,4,1,0,20,0.7
2382,15,1,4,1,0,21,0.7142857142857143
2383,15,0,4,1,0,20,0.75
2384,14,1,4,1,0,20,0.7
2385,15,1,4,1,0,21,0.7142857142857143
2386,14,0,4,1,0,19,0.7368421052631579
2387,14,0,4,1,0,19,0.7368421052631579
2388,15,1,4,1,0,21,0.7142857142857143
2389,15,0,4,1,0,20,0.75
2390,14,0,4,1,0,19,0.7368421052631579
2391,14,1,4,1,0,20,0.7
2392,15,1,3,1,0,20,0.75
2393,14,1,4,1,0,20,0.7
2394,15,0,4,1,0,20,0.75
2395,15,1,4,1,0,21,0.7142857142857143
2396,14,1,4,1,0,20,0.7
2397,14,1,4,1,0,20,0.7
2398,14,0,4,1,0,19,0.7368421052631579
2399,15,1,3,1,0,20,0.75
2400,15,1,3,1,0,20,0.75
2401,15,0,4,1,0,20,0.75
2402,15,1,4,1,0,21,0.7142857142857143
2403,13,1,4,1,0,19,0.6842105263157895
2404,14,0,3,1,0,18,0.7777777777777778
2405,13,0,4,1,0,18,0.7222222222222222
2406,15,1,3,1,0,20,0.75
2407,14,0,4,1,0,19,0.7368421052631579
2408,15,1,4,1,0,21,0.7142857142857143
2409,14,0,4,1,0,19,0.7368421052631579
2410,15,0,4,1,0,20,0.75
2411,13,1,4,1,0,19,0.6842105263157895
2412,14,0,4,1,0,19,0.7368421052631579
2413,15,0,4,1,0,20,0.75
2414,16,0,4,1,0,21,0.7619047619047619
2415,14,1,4,1,0,20,0.7
2416,13,0,4,1,0,18,0.7222222222222222
2417,14,1,4,1,0,20,0.7
2418,15,0,4,1,0,20,0.75
2419,15,0,4,1,0,20,0.75
2420,13,0,3,1,0,17,0.7647058823529411
2421,13,1,3,1,0,18,0.7222222222222222
2422,14,1,4,1,0,20,0.7
2423,15,1,3,1,0,20,0.75
2424,15,1,2,1,0,19,0.7894736842105263
2425,15,1,3,1,0,20,0.75
2426,14,0,4,1,0,19,0.7368421052631579
2427,14,0,4,1,0,19,0.7368421052631579
2428,14,0,2,1,0,17,0.8235294117647058
2429,15,1,4,1,0,21,0.7142857142857143
2430,13,1,4,1,0,19,0.6842105263157895
2431,13,0,4,1,0,18,0.7222222222222222
2432,14,0,3,1,0,18,0.7777777777777778
2433,14,1,4,1,0,20,0.7
2434,14,0,4,1,0,19,0.7368421052631579
2435,13,0,4,1,0,18,0.7222222222222222
2436,14,0,4,1,0,19,0.7368421052631579
2437,13,0,4,1,0,18,0.7222222222222222
2438,14,1,4,1,0,20,0.7
2439,14,0,5,1,0,20,0.7
2440,13,1,4,1,0,19,0.6842105263157895
2441,15,0,3,1,0,19,0.7894736842105263
2442,15,0,4,1,0,20,0.75
2443,15,0,4,1,0,20,0.75
2444,15,0,4,1,0,20,0.75
2445,13,0,4,1,0,18,0.7222222222222222
2446,14,0,4,1,0,19,0.7368421052631579
2447,15,1,4,1,0,21,0.7142857142857143
2448,14,0,4,1,0,19,0.7368421052631579
2449,15,1,3,1,0,20,0.75
2450,15,0,4,1,0,20,0.75
2451,14,0,4,1,0,19,0.7368421052631579
2452,13,0,4,1,0,18,0.7222222222222222
2453,14,0,4,1,0,19,0.7368421052631579
2454,14,0,4,1,0,19,0.7368421052631579
2455,14,0,4,1,0,19,0.7368421052631579
2456,15,1,2,1,0,19,0.7894736842105263
2457,14,0,4,1,0,19,0.7368421052631579
2458,14,1,4,1,0,20,0.7
2459,15,1,3,1,0,20,0.75
2460,16,1,4,1,0,22,0.7272727272727273
2461,15,1,4,1,0,21,0.7142857142857143
2462,15,0,4,1,0,20,0.75
2463,15,1,4,1,0,21,0.7142857142857143
2464,15,1,4,1,0,21,0.7142857142857143
2465,15,0,3,1,0,19,0.7894736842105263
2466,15,1,4,1,0,21,0.7142857142857143
2467,15,0,4,1,0,20,0.75
2468,15,1,4,1,0,21,0.7142857142857143
2469,15,1,4,1,0,21,0.7142857142857143
2470,15,0,4,1,0,20,0.75
2471,14,1,3,1,0,19,0.7368421052631579
2472,15,0,4,1,0,20,0.75
2473,15,0,4,1,0,20,0.75
2474,15,1,4,1,0,21,0.7142857142857143
2475,15,1,4,1,0,21,0.7142857142857143
2476,14,1,2,1,0,18,0.7777777777777778
2477,15,0,4,1,0,20,0.75
2478,15,1,4,1,0,21,0.7142857142857143
2479,13,1,4,1,0,19,0.6842105263157895
2480,15,1,4,1,0,21,0.7142857142857143
2481,15,1,3,1,0,20,0.75
2482,14,0,4,1,0,19,0.7368421052631579
2483,15,1,4,1,0,21,0.7142857142857143
2484,15,1,4,1,0,21,0.7142857142857143
2485,15,1,3,1,0,20,0.75
2486,14,0,2,1,0,17,0.8235294117647058
2487,13,1,2,1,0,17,0.7647058823529411
2488,13,0,2,1,0,16,0.8125
2489,14,0,2,1,0,17,0.8235294117647058
2490,14,1,2,1,0,18,0.7777777777777778
2491,15,0,2,1,0,18,0.8333333333333334
2492,13,1,2,1,0,17,0.7647058823529411
2493,14,1,2,1,0,18,0.7777777777777778
2494,14,1,2,1,0,18,0.7777777777777778
2495,15,0,3,1,0,19,0.7894736842105263
2496,14,1,2,1,0,18,0.7777777777777778
2497,14,1,2,1,0,18,0.7777777777777778
2498,13,0,4,1,0,18,0.7222222222222222
2499,13,1,2,1,0,17,0.7647058823529411
2500,14,0,2,1,0,17,0.8235294117647058
2501,15,0,2,1,0,18,0.8333333333333334
2502,15,1,2,1,0,19,0.7894736842105263
2503,15,0,2,1,0,18,0.8333333333333334
2504,15,1,2,1,0,19,0.7894736842105263
2505,15,0,2,1,0,18,0.8333333333333334
2506,15,1,2,1,0,19,0.7894736842105263
2507,14,1,2,1,0,18,0.7777777777777778
2508,11,1,2,1,0,15,0.7333333333333333
2509,14,1,1,1,0,17,0.8235294117647058
2510,13,1,2,1,0,17,0.7647058823529411
2511,13,1,2,1,0,17,0.7647058823529411
2512,13,1,2,1,0,17,0.7647058823529411
2513,10,0,2,1,0,13,0.7692307692307693
2514,10,0,2,1,0,13,0.7692307692307693
2515,13,1,2,1,0,17,0.7647058823529411
2516,15,1,1,1,0,18,0.8333333333333334
2517,13,1,2,1,0,17,0.7647058823529411
2518,15,1,1,1,0,18,0.8333333333333334
2519,12,1,3,1,0,17,0.7058823529411765
2520,15,1,3,1,0,20,0.75
2521,14,1,2,1,0,18,0.7777777777777778
2522,17,1,1,1,0,20,0.85
2523,14,1,3,1,0,19,0.7368421052631579
2524,15,1,2,1,0,19,0.7894736842105263
2525,15,1,2,1,0,19,0.7894736842105263
2526,15,1,2,1,0,19,0.7894736842105263
2527,16,0,3,1,0,20,0.8
2528,14,1,1,1,0,17,0.8235294117647058
2529,12,1,3,1,0,17,0.7058823529411765
2530,14,1,4,1,0,20,0.7
2531,12,1,3,1,0,17,0.7058823529411765
2532,12,0,3,1,0,16,0.75
2533,10,0,3,1,0,14,0.7142857142857143
2534,12,1,3,1,0,17,0.7058823529411765
2535,14,1,3,1,0,19,0.7368421052631579
2536,13,1,4,1,0,19,0.6842105263157895
2537,13,0,3,1,0,17,0.7647058823529411
2538,14,1,4,1,0,20,0.7
2539,12,0,4,1,0,17,0.7058823529411765
2540,13,1,3,1,0,18,0.7222222222222222
2541,12,0,3,1,0,16,0.75
2542,11,0,2,1,0,14,0.7857142857142857
2543,14,1,2,1,0,18,0.7777777777777778
2544,12,2,1,0,0,15,0.8
2545,16,1,1,1,0,19,0.8421052631578947
2546,13,1,1,0,0,15,0.8666666666666667
2547,15,1,1,0,0,17,0.8823529411764706
2548,15,1,1,0,0,17,0.8823529411764706
2549,12,1,1,1,0,15,0.8
2550,13,0,1,1,0,15,0.8666666666666667
2551,12,1,1,1,0,15,0.8
2552,12,0,2,1,0,15,0.8
2553,15,1,3,0,0,19,0.7894736842105263
2554,13,0,1,0,0,14,0.9285714285714286
2555,13,0,2,0,0,15,0.8666666666666667
2556,13,0,3,1,0,17,0.7647058823529411
2557,12,0,3,0,0,15,0.8
2558,13,1,3,0,0,17,0.7647058823529411
2559,13,0,3,1,0,17,0.7647058823529411
2560,11,1,1,0,0,13,0.8461538461538461
2561,10,1,3,0,0,14,0.7142857142857143
2562,13,0,2,1,0,16,0.8125
2563,14,1,3,0,0,18,0.7777777777777778
2564,13,1,0,1,0,15,0.8666666666666667
2565,14,1,1,1,0,17,0.8235294117647058
2566,14,1,1,1,0,17,0.8235294117647058
2567,16,1,0,0,0,17,0.9411764705882353
2568,12,1,0,0,0,13,0.9230769230769231
2569,14,1,1,0,0,16,0.875
2570,11,1,2,0,0,14,0.7857142857142857
2571,13,0,1,1,0,15,0.8666666666666667
2572,14,0,1,0,0,15,0.9333333333333333
2573,12,1,1,1,0,15,0.8
2574,13,1,1,1,0,16,0.8125
2575,12,0,2,1,0,15,0.8
2576,14,1,0,0,0,15,0.9333333333333333
2577,11,1,2,0,0,14,0.7857142857142857
2578,13,1,0,0,0,14,0.9285714285714286
2579,13,1,1,0,0,15,0.8666666666666667
2580,12,1,0,0,0,13,0.9230769230769231
2581,13,1,1,0,0,15,0.8666666666666667
2582,14,1,1,1,0,17,0.8235294117647058
2583,12,0,1,1,0,14,0.8571428571428571
2584,13,1,2,1,0,17,0.7647058823529411
2585,11,1,1,1,0,14,0.7857142857142857
2586,12,1,2,1,0,16,0.75
2587,13,1,1,1,0,16,0.8125
2588,11,1,2,1,0,15,0.7333333333333333
2589,13,1,1,1,0,16,0.8125
2590,13,0,3,1,0,17,0.7647058823529411
2591,10,1,3,1,0,15,0.6666666666666666
2592,12,1,3,1,0,17,0.7058823529411765
2593,13,0,2,1,0,16,0.8125
2594,13,0,3,1,0,17,0.7647058823529411
2595,10,1,3,1,0,15,0.6666666666666666
2596,13,1,3,1,0,18,0.7222222222222222
2597,13,1,1,1,0,16,0.8125
2598,12,0,3,1,0,16,0.75
2599,12,0,2,0,0,14,0.8571428571428571
2600,12,0,1,1,0,14,0.8571428571428571
2601,13,1,1,1,0,16,0.8125
2602,14,1,1,0,0,16,0.875
2603,13,1,1,0,0,15,0.8666666666666667
2604,12,1,1,1,0,15,0.8
2605,15,1,1,1,0,18,0.8333333333333334
2606,16,1,1,1,0,19,0.8421052631578947
2607,15,1,1,0,0,17,0.8823529411764706
2608,14,1,1,0,0,16,0.875
2609,15,1,1,0,0,17,0.8823529411764706
2610,13,1,1,1,0,16,0.8125
2611,13,1,1,0,0,15,0.8666666666666667
2612,12,1,3,0,0,16,0.75
2613,12,1,1,0,0,14,0.8571428571428571
2614,13,1,1,0,0,15,0.8666666666666667
2615,14,1,1,0,0,16,0.875
2616,14,1,1,1,0,17,0.8235294117647058
2617,14,1,2,1,0,18,0.7777777777777778
2618,12,1,1,1,0,15,0.8
2619,13,1,1,1,0,16,0.8125
2620,13,1,1,1,0,16,0.8125
2621,10,1,1,1,0,13,0.7692307692307693
2622,11,1,3,1,0,16,0.6875
2623,12,0,1,1,0,14,0.8571428571428571
2624,13,1,1,1,0,16,0.8125
2625,15,2,1,0,0,18,0.8333333333333334
2626,14,2,2,0,0,18,0.7777777777777778
2627,15,2,2,0,0,19,0.7894736842105263
2628,14,2,2,0,0,18,0.7777777777777778
2629,14,2,2,0,0,18,0.7777777777777778
2630,16,2,2,0,0,20,0.8
2631,15,2,2,0,0,19,0.7894736842105263
2632,15,2,3,0,0,20,0.75
2633,17,1,3,0,0,21,0.8095238095238095
2634,14,1,1,0,0,16,0.875
2635,14,2,2,0,0,18,0.7777777777777778
2636,16,1,1,0,0,18,0.8888888888888888
2637,16,2,1,0,0,19,0.8421052631578947
2638,16,2,1,0,0,19,0.8421052631578947
2639,13,2,1,0,0,16,0.8125
2640,16,1,3,0,0,20,0.8
2641,16,1,1,0,0,18,0.8888888888888888
2642,15,2,2,0,0,19,0.7894736842105263
2643,13,1,2,0,0,16,0.8125
2644,15,2,2,0,0,19,0.7894736842105263
2645,12,1,2,0,0,15,0.8
2646,13,1,1,0,0,15,0.8666666666666667
2647,12,1,1,0,0,14,0.8571428571428571
2648,15,2,1,0,0,18,0.8333333333333334
2649,13,2,2,0,0,17,0.7647058823529411
2650,13,2,2,0,0,17,0.7647058823529411
2651,15,1,2,0,0,18,0.8333333333333334
2652,16,2,3,0,0,21,0.7619047619047619
2653,15,1,3,0,0,19,0.7894736842105263
2654,15,1,3,0,0,19,0.7894736842105263
2655,16,2,1,0,0,19,0.8421052631578947
2656,15,1,2,0,0,18,0.8333333333333334
2657,16,2,2,0,0,20,0.8
2658,15,2,1,0,0,18,0.8333333333333334
2659,17,1,2,0,0,20,0.85
2660,15,2,2,0,0,19,0.7894736842105263
2661,15,2,3,0,0,20,0.75
2662,15,2,2,0,0,19,0.7894736842105263
2663,16,2,3,0,0,21,0.7619047619047619
2664,15,2,2,0,0,19,0.7894736842105263
2665,16,2,3,0,0,21,0.7619047619047619
2666,16,2,2,0,0,20,0.8
2667,15,2,1,0,0,18,0.8333333333333334
2668,14,1,2,0,0,17,0.8235294117647058
2669,16,1,2,0,0,19,0.8421052631578947
2670,16,1,1,0,0,18,0.8888888888888888
2671,16,1,3,0,0,20,0.8
2672,14,1,3,0,0,18,0.7777777777777778
2673,15,1,1,0,0,17,0.8823529411764706
2674,15,2,3,0,0,20,0.75
2675,16,2,2,0,0,20,0.8
2676,15,2,3,0,0,20,0.75
2677,15,1,3,0,0,19,0.7894736842105263
2678,16,1,3,0,0,20,0.8
2679,16,1,3,0,0,20,0.8
2680,16,2,3,0,0,21,0.7619047619047619
2681,16,1,2,0,0,19,0.8421052631578947
2682,16,1,3,0,0,20,0.8
2683,15,2,3,0,0,20,0.75
2684,16,1,2,0,0,19,0.8421052631578947
2685,16,1,3,0,0,20,0.8
2686,16,2,2,0,0,20,0.8
2687,15,1,3,0,0,19,0.7894736842105263
2688,16,2,2,0,0,20,0.8
2689,17,1,3,0,0,21,0.8095238095238095
2690,15,1,2,0,0,18,0.8333333333333334
2691,16,1,1,0,0,18,0.8888888888888888
2692,17,1,3,0,0,21,0.8095238095238095
2693,15,2,1,0,0,18,0.8333333333333334
2694,16,2,2,0,0,20,0.8
2695,17,2,3,0,0,22,0.7727272727272727
2696,15,2,3,0,0,20,0.75
2697,15,1,1,0,0,17,0.8823529411764706
2698,15,1,2,0,0,18,0.8333333333333334
2699,16,2,3,0,0,21,0.7619047619047619
2700,15,1,3,0,0,19,0.7894736842105263
2701,16,1,2,0,0,19,0.8421052631578947
2702,17,1,1,0,0,19,0.8947368421052632
2703,16,1,2,0,0,19,0.8421052631578947
2704,16,1,3,0,0,20,0.8
2705,16,1,1,0,0,18,0.8888888888888888
2706,17,1,1,0,0,19,0.8947368421052632
2707,16,1,2,0,0,19,0.8421052631578947
2708,15,2,1,0,0,18,0.8333333333333334
2709,15,2,2,0,0,19,0.7894736842105263
2710,16,2,1,0,0,19,0.8421052631578947
2711,16,1,1,0,0,18,0.8888888888888888
2712,14,1,2,0,0,17,0.8235294117647058
2713,16,1,1,0,0,18,0.8888888888888888
2714,15,2,2,0,0,19,0.7894736842105263
2715,16,1,2,0,0,19,0.8421052631578947
2716,16,2,3,0,0,21,0.7619047619047619
2717,15,2,2,0,0,19,0.7894736842105263
2718,15,2,2,0,0,19,0.7894736842105263
2719,15,1,1,0,0,17,0.8823529411764706
2720,15,1,2,0,0,18,0.8333333333333334
2721,17,2,2,0,0,21,0.8095238095238095
2722,15,1,2,0,0,18,0.8333333333333334
2723,15,1,2,0,0,18,0.8333333333333334
2724,13,2,1,0,0,16,0.8125
2725,16,2,1,0,0,19,0.8421052631578947
2726,15,2,1,0,0,18,0.8333333333333334
2727,17,2,1,0,0,20,0.85
2728,17,2,2,0,0,21,0.8095238095238095
2729,16,2,1,0,0,19,0.8421052631578947
2730,15,2,1,0,0,18,0.8333333333333334
2731,14,1,3,0,0,18,0.7777777777777778
2732,15,2,2,0,0,19,0.7894736842105263
2733,15,1,1,0,0,17,0.8823529411764706
2734,17,2,1,0,0,20,0.85
2735,13,1,3,0,0,17,0.7647058823529411
2736,15,2,2,0,0,19,0.7894736842105263
2737,15,1,2,0,0,18,0.8333333333333334
2738,16,1,2,0,0,19,0.8421052631578947
2739,17,1,1,0,0,19,0.8947368421052632
2740,16,1,1,0,0,18,0.8888888888888888
2741,15,1,3,0,0,19,0.7894736842105263
2742,15,1,1,0,0,17,0.8823529411764706
2743,15,2,2,0,0,19,0.7894736842105263
2744,16,2,2,0,0,20,0.8
2745,17,1,3,0,0,21,0.8095238095238095
2746,14,1,2,0,0,17,0.8235294117647058
2747,15,1,3,0,0,19,0.7894736842105263
2748,16,2,1,0,0,19,0.8421052631578947
2749,15,1,1,0,0,17,0.8823529411764706
2750,15,2,1,0,0,18,0.8333333333333334
2751,17,1,2,0,0,20,0.85
2752,16,2,2,0,0,20,0.8
2753,15,2,1,0,0,18,0.8333333333333334
2754,15,2,2,0,0,19,0.7894736842105263
2755,15,2,2,0,0,19,0.7894736842105263
2756,17,2,1,0,0,20,0.85
2757,13,2,3,0,0,18,0.7222222222222222
2758,15,2,1,0,0,18,0.8333333333333334
2759,16,1,1,0,0,18,0.8888888888888888
2760,15,1,1,1,0,18,0.8333333333333334
2761,13,1,1,1,0,16,0.8125
2762,15,1,1,0,0,17,0.8823529411764706
2763,17,1,1,0,0,19,0.8947368421052632
2764,16,1,1,0,0,18,0.8888888888888888
2765,15,1,1,1,0,18,0.8333333333333334
2766,17,1,1,0,0,19,0.8947368421052632
2767,17,1,1,0,0,19,0.8947368421052632
2768,16,1,0,0,0,17,0.9411764705882353
2769,17,2,3,0,0,22,0.7727272727272727
2770,16,1,3,0,0,20,0.8
2771,15,2,2,0,0,19,0.7894736842105263
2772,14,1,1,0,0,16,0.875
2773,13,1,1,0,0,15,0.8666666666666667
2774,14,1,2,0,0,17,0.8235294117647058
2775,14,1,2,0,0,17,0.8235294117647058
2776,13,1,2,1,0,17,0.7647058823529411
2777,14,1,2,0,0,17,0.8235294117647058
2778,16,1,1,0,0,18,0.8888888888888888
2779,12,1,1,0,0,14,0.8571428571428571
2780,16,1,1,0,0,18,0.8888888888888888
2781,16,1,2,0,0,19,0.8421052631578947
2782,16,1,1,0,0,18,0.8888888888888888
2783,14,1,2,0,0,17,0.8235294117647058
2784,13,1,0,0,0,14,0.9285714285714286
2785,15,1,2,0,0,18,0.8333333333333334
2786,12,1,1,0,0,14,0.8571428571428571
2787,15,1,2,0,0,18,0.8333333333333334
2788,15,1,2,0,0,18,0.8333333333333334
2789,14,1,2,1,0,18,0.7777777777777778
2790,13,1,2,0,0,16,0.8125
2791,15,1,1,0,0,17,0.8823529411764706
2792,16,1,1,0,0,18,0.8888888888888888
2793,16,1,1,0,0,18,0.8888888888888888
2794,15,1,1,0,0,17,0.8823529411764706
2795,14,1,1,0,0,16,0.875
2796,16,1,1,0,0,18,0.8888888888888888
2797,16,1,0,0,0,17,0.9411764705882353
2798,16,1,2,0,0,19,0.8421052631578947
2799,16,1,2,0,0,19,0.8421052631578947
2800,17,2,2,0,0,21,0.8095238095238095
2801,14,2,2,0,0,18,0.7777777777777778
2802,17,2,2,0,0,21,0.8095238095238095
2803,16,2,1,0,0,19,0.8421052631578947
2804,13,2,2,0,0,17,0.7647058823529411
2805,14,1,1,0,0,16,0.875
2806,17,1,1,0,0,19,0.8947368421052632
2807,16,2,2,0,0,20,0.8
2808,14,1,2,0,0,17,0.8235294117647058
2809,17,1,1,0,0,19,0.8947368421052632
2810,17,1,1,0,0,19,0.8947368421052632
2811,14,1,1,1,0,17,0.8235294117647058
2812,15,1,1,0,0,17,0.8823529411764706
2813,16,1,1,0,0,18,0.8888888888888888
2814,16,1,1,0,0,18,0.8888888888888888
2815,13,1,1,0,0,15,0.8666666666666667
2816,16,1,1,0,0,18,0.8888888888888888
2817,14,1,1,0,0,16,0.875
2818,16,1,1,0,0,18,0.8888888888888888
2819,17,1,1,0,0,19,0.8947368421052632
2820,17,1,1,0,0,19,0.8947368421052632
2821,14,1,0,0,0,15,0.9333333333333333
2822,17,1,1,0,0,19,0.8947368421052632
2823,17,1,1,1,0,20,0.85
2824,16,1,1,0,0,18,0.8888888888888888
2825,14,1,2,0,0,17,0.8235294117647058
2826,15,1,1,1,0,18,0.8333333333333334
2827,13,1,1,0,0,15,0.8666666666666667
2828,15,1,2,0,0,18,0.8333333333333334
2829,14,1,2,0,0,17,0.8235294117647058
2830,14,1,1,0,0,16,0.875
2831,15,1,1,0,0,17,0.8823529411764706
2832,14,1,1,1,0,17,0.8235294117647058
2833,14,1,1,0,0,16,0.875
2834,17,1,1,0,0,19,0.8947368421052632
2835,12,1,1,1,0,15,0.8
2836,12,1,1,0,0,14,0.8571428571428571
2837,16,1,1,0,0,18,0.8888888888888888
2838,13,1,1,1,0,16,0.8125
2839,15,1,1,0,0,17,0.8823529411764706
2840,13,1,1,0,0,15,0.8666666666666667
2841,13,1,1,1,0,16,0.8125
2842,14,1,1,1,0,17,0.8235294117647058
2843,13,1,1,0,0,15,0.8666666666666667
2844,15,1,1,1,0,18,0.8333333333333334
2845,14,1,1,1,0,17,0.8235294117647058
2846,16,1,1,1,0,19,0.8421052631578947
2847,16,1,1,0,0,18,0.8888888888888888
2848,14,1,1,0,0,16,0.875
2849,16,1,1,0,0,18,0.8888888888888888
2850,15,1,1,0,0,17,0.8823529411764706
2851,12,1,1,0,0,14,0.8571428571428571
2852,14,1,1,0,0,16,0.875
2853,15,1,2,0,0,18,0.8333333333333334
2854,14,1,1,0,0,16,0.875
2855,11,1,1,1,0,14,0.7857142857142857
2856,15,1,1,0,0,17,0.8823529411764706
2857,16,1,1,1,0,19,0.8421052631578947
2858,14,1,0,0,0,15,0.9333333333333333
2859,13,1,1,0,0,15,0.8666666666666667
2860,16,1,1,0,0,18,0.8888888888888888
2861,14,1,1,1,0,17,0.8235294117647058
2862,17,1,1,0,0,19,0.8947368421052632
2863,15,1,1,0,0,17,0.8823529411764706
2864,16,1,1,0,0,18,0.8888888888888888
2865,16,1,1,0,0,18,0.8888888888888888
2866,15,1,1,0,0,17,0.8823529411764706
2867,16,1,1,0,0,18,0.8888888888888888
2868,15,1,1,0,0,17,0.8823529411764706
2869,17,1,1,0,0,19,0.8947368421052632
2870,15,1,1,1,0,18,0.8333333333333334
2871,17,1,1,0,0,19,0.8947368421052632
2872,13,1,1,1,0,16,0.8125
2873,16,1,2,1,0,20,0.8
2874,13,1,2,1,0,17,0.7647058823529411
2875,12,1,1,1,0,15,0.8
2876,13,1,1,0,0,15,0.8666666666666667
2877,16,1,1,0,0,18,0.8888888888888888
2878,14,1,1,0,0,16,0.875
2879,14,1,1,0,0,16,0.875
2880,14,1,1,0,0,16,0.875
2881,14,1,1,0,0,16,0.875
2882,16,1,1,0,0,18,0.8888888888888888
2883,15,1,1,0,0,17,0.8823529411764706
2884,15,1,1,1,0,18,0.8333333333333334
2885,14,1,2,0,0,17,0.8235294117647058
2886,15,1,1,1,0,18,0.8333333333333334
2887,14,1,1,1,0,17,0.8235294117647058
2888,14,1,1,1,0,17,0.8235294117647058
2889,14,1,1,1,0,17,0.8235294117647058
2890,12,1,1,0,0,14,0.8571428571428571
2891,16,1,1,0,0,18,0.8888888888888888
2892,14,1,1,0,0,16,0.875
2893,13,1,1,0,0,15,0.8666666666666667
2894,15,1,1,1,0,18,0.8333333333333334
2895,14,1,1,0,0,16,0.875
2896,14,1,1,0,0,16,0.875
2897,15,1,1,0,0,17,0.8823529411764706
2898,15,1,2,0,0,18,0.8333333333333334
2899,14,1,1,0,0,16,0.875
2900,15,1,3,1,0,20,0.75
2901,12,1,1,1,0,15,0.8
2902,13,1,1,1,0,16,0.8125
2903,13,1,1,0,0,15,0.8666666666666667
2904,15,1,1,1,0,18,0.8333333333333334
2905,14,1,1,0,0,16,0.875
2906,16,1,1,0,0,18,0.8888888888888888
2907,13,1,1,1,0,16,0.8125
2908,16,1,1,0,0,18,0.8888888888888888
2909,14,1,1,1,0,17,0.8235294117647058
2910,15,1,2,1,0,19,0.7894736842105263
2911,14,1,1,0,0,16,0.875
2912,13,1,2,1,0,17,0.7647058823529411
2913,14,1,1,0,0,16,0.875
2914,17,1,1,0,0,19,0.8947368421052632
2915,16,1,1,0,0,18,0.8888888888888888
2916,16,1,1,1,0,19,0.8421052631578947
2917,15,1,1,0,0,17,0.8823529411764706
2918,12,1,1,1,0,15,0.8
2919,14,1,1,1,0,17,0.8235294117647058
2920,12,1,2,0,0,15,0.8
2921,15,1,1,0,0,17,0.8823529411764706
2922,13,1,3,1,0,18,0.7222222222222222
2923,16,1,3,0,0,20,0.8
2924,15,1,1,0,0,17,0.8823529411764706
2925,15,1,3,0,0,19,0.7894736842105263
2926,15,1,3,0,0,19,0.7894736842105263
2927,13,1,1,1,0,16,0.8125
2928,17,1,1,0,0,19,0.8947368421052632
2929,17,1,1,0,0,19,0.8947368421052632
2930,14,1,2,1,0,18,0.7777777777777778
2931,14,1,1,0,0,16,0.875
2932,16,1,1,0,0,18,0.8888888888888888
2933,15,1,1,1,0,18,0.8333333333333334
2934,15,1,1,0,0,17,0.8823529411764706
2935,15,1,1,0,0,17,0.8823529411764706
2936,16,1,1,0,0,18,0.8888888888888888
2937,15,1,2,0,0,18,0.8333333333333334
2938,15,1,2,1,0,19,0.7894736842105263
2939,15,1,1,0,0,17,0.8823529411764706
2940,16,1,1,1,0,19,0.8421052631578947
2941,14,1,1,1,0,17,0.8235294117647058
2942,14,1,2,0,0,17,0.8235294117647058
2943,14,1,2,0,0,17,0.8235294117647058
2944,14,1,2,0,0,17,0.8235294117647058
2945,14,1,2,1,0,18,0.7777777777777778
2946,11,1,1,0,0,13,0.8461538461538461
2947,15,1,1,0,0,17,0.8823529411764706
2948,14,1,2,0,0,17,0.8235294117647058
2949,15,1,2,1,0,19,0.7894736842105263
2950,13,1,2,0,0,16,0.8125
2951,15,1,2,0,0,18,0.8333333333333334
2952,15,1,1,1,0,18,0.8333333333333334
2953,15,1,3,0,0,19,0.7894736842105263
2954,13,1,1,0,0,15,0.8666666666666667
2955,14,1,3,0,0,18,0.7777777777777778
2956,15,1,2,0,0,18,0.8333333333333334
2957,15,1,1,1,0,18,0.8333333333333334
2958,14,1,1,1,0,17,0.8235294117647058
2959,16,1,1,0,0,18,0.8888888888888888
2960,14,1,1,0,0,16,0.875
2961,15,1,2,0,0,18,0.8333333333333334
2962,14,1,2,0,0,17,0.8235294117647058
2963,15,1,2,1,0,19,0.7894736842105263
2964,17,1,1,0,0,19,0.8947368421052632
2965,13,1,1,0,0,15,0.8666666666666667
2966,15,1,2,0,0,18,0.8333333333333334
2967,14,1,3,1,0,19,0.7368421052631579
2968,14,1,1,1,0,17,0.8235294117647058
2969,15,1,2,0,0,18,0.8333333333333334
2970,15,1,1,0,0,17,0.8823529411764706
2971,15,1,2,0,0,18,0.8333333333333334
2972,15,1,1,0,0,17,0.8823529411764706
2973,16,1,2,1,0,20,0.8
2974,13,1,1,0,0,15,0.8666666666666667
2975,13,1,1,0,0,15,0.8666666666666667
2976,16,1,2,0,0,19,0.8421052631578947
2977,16,1,1,0,0,18,0.8888888888888888
2978,15,1,1,0,0,17,0.8823529411764706
2979,16,1,1,0,0,18,0.8888888888888888
2980,15,1,2,0,0,18,0.8333333333333334
2981,14,1,1,1,0,17,0.8235294117647058
2982,16,1,1,1,0,19,0.8421052631578947
2983,15,1,2,0,0,18,0.8333333333333334
2984,13,1,1,1,0,16,0.8125
2985,15,1,1,0,0,17,0.8823529411764706
2986,14,1,1,0,0,16,0.875
2987,16,1,1,0,0,18,0.8888888888888888
2988,15,1,1,1,0,18,0.8333333333333334
2989,13,1,1,1,0,16,0.8125
2990,15,1,2,0,0,18,0.8333333333333334
2991,14,1,2,0,0,17,0.8235294117647058
2992,15,1,1,0,0,17,0.8823529411764706
2993,15,1,2,1,0,19,0.7894736842105263
2994,15,1,1,1,0,18,0.8333333333333334
2995,15,1,1,1,0,18,0.8333333333333334
2996,15,1,1,1,0,18,0.8333333333333334
2997,15,1,1,1,0,18,0.8333333333333334
2998,17,1,1,1,0,20,0.85
2999,14,1,1,1,0,17,0.8235294117647058
3000,13,1,1,0,0,15,0.8666666666666667
3001,15,1,1,0,0,17,0.8823529411764706
3002,15,1,1,0,0,17,0.8823529411764706
3003,16,1,1,0,0,18,0.8888888888888888
3004,15,1,1,0,0,17,0.8823529411764706
3005,13,1,1,1,0,16,0.8125
3006,15,1,2,0,0,18,0.8333333333333334
3007,16,1,2,0,0,19,0.8421052631578947
3008,15,1,1,0,0,17,0.8823529411764706
3009,16,1,1,1,0,19,0.8421052631578947
3010,15,1,1,1,0,18,0.8333333333333334
3011,14,1,2,0,0,17,0.8235294117647058
3012,16,1,2,0,0,19,0.8421052631578947
3013,17,1,1,0,0,19,0.8947368421052632
3014,17,1,2,0,0,20,0.85
3015,15,1,1,1,0,18,0.8333333333333334
3016,16,1,1,0,0,18,0.8888888888888888
3017,13,1,1,1,0,16,0.8125
3018,16,1,1,1,0,19,0.8421052631578947
3019,14,1,1,1,0,17,0.8235294117647058
3020,16,1,3,1,0,21,0.7619047619047619
3021,13,1,2,0,0,16,0.8125
3022,14,1,2,0,0,17,0.8235294117647058
3023,15,1,2,0,0,18,0.8333333333333334
3024,14,1,3,0,0,18,0.7777777777777778
3025,14,1,2,0,0,17,0.8235294117647058
3026,16,1,2,0,0,19,0.8421052631578947
3027,14,1,2,1,0,18,0.7777777777777778
3028,15,1,2,0,0,18,0.8333333333333334
3029,14,1,2,0,0,17,0.8235294117647058
3030,15,1,2,0,0,18,0.8333333333333334
3031,13,1,2,1,0,17,0.7647058823529411
3032,14,1,2,2,0,19,0.7368421052631579
3033,13,1,3,1,0,18,0.7222222222222222
3034,15,1,2,0,0,18,0.8333333333333334
3035,15,1,2,0,0,18,0.8333333333333334
3036,14,1,2,0,0,17,0.8235294117647058
3037,14,1,2,0,0,17,0.8235294117647058
3038,15,1,2,0,0,18,0.8333333333333334
3039,13,1,2,0,0,16,0.8125
3040,11,1,2,0,0,14,0.7857142857142857
3041,13,1,2,1,0,17,0.7647058823529411
3042,16,1,2,1,0,20,0.8
3043,15,1,2,0,0,18,0.8333333333333334
3044,14,1,2,1,0,18,0.7777777777777778
3045,13,1,2,0,0,16,0.8125
3046,15,1,1,0,0,17,0.8823529411764706
3047,15,1,2,1,0,19,0.7894736842105263
3048,14,1,2,0,0,17,0.8235294117647058
3049,15,1,2,0,0,18,0.8333333333333334
3050,14,1,2,1,0,18,0.7777777777777778
3051,15,1,2,1,0,19,0.7894736842105263
3052,15,1,2,0,0,18,0.8333333333333334
3053,15,1,2,0,0,18,0.8333333333333334
3054,13,1,3,0,0,17,0.7647058823529411
3055,13,1,2,1,0,17,0.7647058823529411
3056,13,1,2,0,0,16,0.8125
3057,14,1,2,0,0,17,0.8235294117647058
3058,14,1,2,0,0,17,0.8235294117647058
3059,16,1,2,0,0,19,0.8421052631578947
3060,14,1,2,1,0,18,0.7777777777777778
3061,15,1,2,1,0,19,0.7894736842105263
3062,16,1,2,0,0,19,0.8421052631578947
3063,16,1,2,0,0,19,0.8421052631578947
3064,15,1,2,1,0,19,0.7894736842105263
3065,16,1,2,1,0,20,0.8
3066,15,1,2,0,0,18,0.8333333333333334
3067,15,1,2,0,0,18,0.8333333333333334
3068,16,1,2,0,0,19,0.8421052631578947
3069,15,1,2,0,0,18,0.8333333333333334
3070,16,1,2,0,0,19,0.8421052631578947
3071,15,1,2,0,0,18,0.8333333333333334
3072,17,1,2,0,0,20,0.85
3073,16,1,2,0,0,19,0.8421052631578947
3074,16,1,2,1,0,20,0.8
3075,14,1,2,0,0,17,0.8235294117647058
3076,15,1,2,0,0,18,0.8333333333333334
3077,14,1,2,0,0,17,0.8235294117647058
3078,13,1,2,1,0,17,0.7647058823529411
3079,15,1,2,0,0,18,0.8333333333333334
3080,13,1,2,0,0,16,0.8125
3081,16,1,2,0,0,19,0.8421052631578947
3082,16,1,3,0,0,20,0.8
3083,16,1,2,0,0,19,0.8421052631578947
3084,13,1,2,0,0,16,0.8125
3085,14,1,3,1,0,19,0.7368421052631579
3086,15,1,2,1,0,19,0.7894736842105263
3087,15,1,2,0,0,18,0.8333333333333334
3088,15,1,2,0,0,18,0.8333333333333334
3089,16,1,2,1,0,20,0.8
3090,14,1,3,0,0,18,0.7777777777777778
3091,16,1,2,0,0,19,0.8421052631578947
3092,16,1,2,0,0,19,0.8421052631578947
3093,15,1,2,0,0,18,0.8333333333333334
3094,14,1,2,1,0,18,0.7777777777777778
3095,16,1,2,0,0,19,0.8421052631578947
3096,14,1,2,0,0,17,0.8235294117647058
3097,16,1,2,1,0,20,0.8
3098,16,1,2,0,0,19,0.8421052631578947
3099,16,1,2,1,0,20,0.8
3100,16,1,2,0,0,19,0.8421052631578947
3101,14,1,2,0,0,17,0.8235294117647058
3102,16,1,2,0,0,19,0.8421052631578947
3103,14,1,2,1,0,18,0.7777777777777778
3104,15,1,3,0,0,19,0.7894736842105263
3105,16,1,2,0,0,19,0.8421052631578947
3106,16,1,2,0,0,19,0.8421052631578947
3107,15,1,2,1,0,19,0.7894736842105263
3108,15,1,2,1,0,19,0.7894736842105263
3109,15,1,2,1,0,19,0.7894736842105263
3110,14,1,2,0,0,17,0.8235294117647058
3111,16,1,2,1,0,20,0.8
3112,16,1,2,0,0,19,0.8421052631578947
3113,16,1,2,1,0,20,0.8
3114,16,1,2,1,0,20,0.8
3115,15,1,2,0,0,18,0.8333333333333334
3116,16,1,2,1,0,20,0.8
3117,16,1,2,0,0,19,0.8421052631578947
3118,15,1,2,0,0,18,0.8333333333333334
3119,15,1,2,0,0,18,0.8333333333333334
3120,16,1,2,0,0,19,0.8421052631578947
3121,16,1,2,1,0,20,0.8
3122,15,1,2,1,0,19,0.7894736842105263
3123,16,1,2,0,0,19,0.8421052631578947
3124,16,1,2,0,0,19,0.8421052631578947
3125,16,1,2,0,0,19,0.8421052631578947
3126,16,1,2,0,0,19,0.8421052631578947
3127,15,1,2,1,0,19,0.7894736842105263
3128,16,1,2,1,0,20,0.8
3129,14,1,2,0,0,17,0.8235294117647058
3130,16,1,2,0,0,19,0.8421052631578947
3131,15,1,2,0,0,18,0.8333333333333334
3132,16,1,2,0,0,19,0.8421052631578947
3133,13,1,3,0,0,17,0.7647058823529411
3134,15,1,2,0,0,18,0.8333333333333334
3135,16,1,2,0,0,19,0.8421052631578947
3136,13,1,2,0,0,16,0.8125
3137,16,1,2,0,0,19,0.8421052631578947
3138,16,1,2,0,0,19,0.8421052631578947
3139,15,1,2,0,0,18,0.8333333333333334
3140,13,1,2,0,0,16,0.8125
3141,15,1,2,0,0,18,0.8333333333333334
3142,15,1,2,0,0,18,0.8333333333333334
3143,14,1,2,0,0,17,0.8235294117647058
3144,14,1,2,0,0,17,0.8235294117647058
3145,14,1,2,0,0,17,0.8235294117647058
3146,13,1,2,0,0,16,0.8125
3147,14,1,2,1,0,18,0.7777777777777778
3148,15,1,2,0,0,18,0.8333333333333334
3149,13,1,2,0,0,16,0.8125
3150,14,1,2,0,0,17,0.8235294117647058
3151,15,1,2,1,0,19,0.7894736842105263
3152,15,1,2,1,0,19,0.7894736842105263
3153,16,1,2,1,0,20,0.8
3154,16,1,2,1,0,20,0.8
3155,14,1,2,0,0,17,0.8235294117647058
3156,17,1,2,0,0,20,0.85
3157,15,1,2,1,0,19,0.7894736842105263
3158,13,1,3,0,0,17,0.7647058823529411
3159,14,1,3,0,0,18,0.7777777777777778
3160,15,1,2,0,0,18,0.8333333333333334
3161,15,1,2,1,0,19,0.7894736842105263
3162,15,1,2,0,0,18,0.8333333333333334
3163,15,1,3,0,0,19,0.7894736842105263
3164,15,1,2,0,0,18,0.8333333333333334
3165,16,1,2,0,0,19,0.8421052631578947
3166,15,1,2,0,0,18,0.8333333333333334
3167,14,1,2,0,0,17,0.8235294117647058
3168,17,1,2,0,0,20,0.85
3169,13,1,2,0,0,16,0.8125
3170,14,1,2,0,0,17,0.8235294117647058
3171,15,1,2,1,0,19,0.7894736842105263
3172,15,1,2,0,0,18,0.8333333333333334
3173,14,1,2,0,0,17,0.8235294117647058
3174,15,1,2,0,0,18,0.8333333333333334
3175,17,1,2,0,0,20,0.85
3176,16,1,2,0,0,19,0.8421052631578947
3177,15,1,2,0,0,18,0.8333333333333334
3178,17,1,2,0,0,20,0.85
3179,15,1,2,1,0,19,0.7894736842105263
3180,15,1,2,0,0,18,0.8333333333333334
3181,16,1,2,1,0,20,0.8
3182,16,1,2,0,0,19,0.8421052631578947
3183,16,1,2,1,0,20,0.8
3184,15,1,2,1,0,19,0.7894736842105263
3185,15,1,2,1,0,19,0.7894736842105263
3186,14,1,2,1,0,18,0.7777777777777778
3187,16,1,2,1,0,20,0.8
3188,14,1,2,0,0,17,0.8235294117647058
3189,16,1,2,1,0,20,0.8
3190,16,1,2,0,0,19,0.8421052631578947
3191,15,1,2,1,0,19,0.7894736842105263
3192,17,1,2,0,0,20,0.85
3193,15,1,2,0,0,18,0.8333333333333334
3194,16,1,2,0,0,19,0.8421052631578947
3195,16,1,2,0,0,19,0.8421052631578947
3196,15,1,2,0,0,18,0.8333333333333334
3197,16,1,2,0,0,19,0.8421052631578947
3198,15,1,2,1,0,19,0.7894736842105263
3199,17,1,2,0,0,20,0.85
3200,16,1,2,1,0,20,0.8
3201,15,1,2,0,0,18,0.8333333333333334
3202,16,1,2,0,0,19,0.8421052631578947
3203,17,1,2,0,0,20,0.85
3204,16,1,2,0,0,19,0.8421052631578947
3205,14,1,2,0,0,17,0.8235294117647058
3206,16,1,2,0,0,19,0.8421052631578947
3207,16,1,2,0,0,19,0.8421052631578947
3208,16,1,2,0,0,19,0.8421052631578947
3209,15,1,3,0,0,19,0.7894736842105263
3210,15,1,2,0,0,18,0.8333333333333334
3211,15,1,2,1,0,19,0.7894736842105263
3212,15,1,2,1,0,19,0.7894736842105263
3213,13,1,2,1,0,17,0.7647058823529411
3214,15,1,2,1,0,19,0.7894736842105263
3215,13,1,2,1,0,17,0.7647058823529411
3216,15,1,2,1,0,19,0.7894736842105263
3217,14,1,2,1,0,18,0.7777777777777778
3218,16,1,4,1,0,22,0.7272727272727273
3219,13,1,2,0,0,16,0.8125
3220,15,1,2,0,0,18,0.8333333333333334
3221,17,1,2,0,0,20,0.85
3222,15,1,2,1,0,19,0.7894736842105263
3223,15,1,2,0,0,18,0.8333333333333334
3224,14,1,2,0,0,17,0.8235294117647058
3225,15,1,2,0,0,18,0.8333333333333334
3226,16,1,2,0,0,19,0.8421052631578947
3227,15,1,2,0,0,18,0.8333333333333334
3228,13,1,2,0,0,16,0.8125
3229,16,1,2,0,0,19,0.8421052631578947
3230,16,1,2,0,0,19,0.8421052631578947
3231,15,1,2,0,0,18,0.8333333333333334
3232,16,1,2,0,0,19,0.8421052631578947
3233,15,1,2,0,0,18,0.8333333333333334
3234,17,1,2,1,0,21,0.8095238095238095
3235,15,1,2,0,0,18,0.8333333333333334
3236,15,1,2,0,0,18,0.8333333333333334
3237,16,1,2,0,0,19,0.8421052631578947
3238,15,1,2,1,0,19,0.7894736842105263
3239,13,1,4,0,0,18,0.7222222222222222
3240,14,1,3,0,0,18,0.7777777777777778
3241,15,1,2,0,0,18,0.8333333333333334
3242,17,1,2,1,0,21,0.8095238095238095
3243,16,1,2,1,0,20,0.8
3244,15,1,2,0,0,18,0.8333333333333334
3245,15,1,1,1,0,18,0.8333333333333334
3246,9,1,3,0,0,13,0.6923076923076923
3247,11,1,3,0,0,15,0.7333333333333333
3248,10,1,3,0,0,14,0.7142857142857143
3249,9,1,2,1,0,13,0.6923076923076923
3250,15,1,3,0,0,19,0.7894736842105263
3251,12,1,3,0,0,16,0.75
3252,13,1,3,1,0,18,0.7222222222222222
3253,14,1,3,0,0,18,0.7777777777777778
3254,15,1,2,0,0,18,0.8333333333333334
3255,13,1,2,0,0,16,0.8125
3256,16,1,3,0,0,20,0.8
3257,14,1,2,0,0,17,0.8235294117647058
3258,12,1,2,0,0,15,0.8
3259,15,1,2,0,0,18,0.8333333333333334
3260,14,1,2,0,0,17,0.8235294117647058
3261,13,1,2,0,0,16,0.8125
3262,15,1,1,0,0,17,0.8823529411764706
3263,15,1,1,0,0,17,0.8823529411764706
3264,12,1,3,0,0,16,0.75
3265,14,1,3,0,0,18,0.7777777777777778
3266,13,1,2,0,0,16,0.8125
3267,13,1,4,0,0,18,0.7222222222222222
3268,14,1,2,0,0,17,0.8235294117647058
3269,14,1,2,0,0,17,0.8235294117647058
3270,14,1,2,0,0,17,0.8235294117647058
3271,15,1,2,0,0,18,0.8333333333333334
3272,16,1,3,0,0,20,0.8
3273,16,1,1,0,0,18,0.8888888888888888
3274,16,1,2,0,0,19,0.8421052631578947
3275,16,1,1,1,0,19,0.8421052631578947
3276,17,1,2,0,0,20,0.85
3277,14,1,3,0,0,18,0.7777777777777778
3278,14,1,3,0,0,18,0.7777777777777778
3279,15,1,2,0,0,18,0.8333333333333334
3280,17,1,3,0,0,21,0.8095238095238095
3281,14,1,2,0,0,17,0.8235294117647058
3282,14,1,3,0,0,18,0.7777777777777778
3283,16,1,3,0,0,20,0.8
3284,16,1,1,0,0,18,0.8888888888888888
3285,16,1,1,1,0,19,0.8421052631578947
3286,15,1,2,0,0,18,0.8333333333333334
3287,16,1,1,0,0,18,0.8888888888888888
3288,15,1,3,0,0,19,0.7894736842105263
3289,17,1,1,0,0,19,0.8947368421052632
3290,15,1,1,0,0,17,0.8823529411764706
3291,15,1,2,1,0,19,0.7894736842105263
3292,14,1,1,0,0,16,0.875
3293,14,1,2,0,0,17,0.8235294117647058
3294,12,1,2,0,0,15,0.8
3295,15,1,3,0,0,19,0.7894736842105263
3296,16,1,2,0,0,19,0.8421052631578947
3297,15,1,1,0,0,17,0.8823529411764706
3298,14,1,1,1,0,17,0.8235294117647058
3299,16,1,1,0,0,18,0.8888888888888888
3300,13,1,1,0,0,15,0.8666666666666667
3301,16,1,1,0,0,18,0.8888888888888888
3302,13,1,1,0,0,15,0.8666666666666667
3303,17,1,2,0,0,20,0.85
3304,15,1,2,0,0,18,0.8333333333333334
3305,15,1,2,1,0,19,0.7894736842105263
3306,16,1,2,0,0,19,0.8421052631578947
3307,14,1,1,0,0,16,0.875
3308,15,1,2,0,0,18,0.8333333333333334
3309,15,1,2,0,0,18,0.8333333333333334
3310,14,1,1,0,0,16,0.875
3311,14,1,3,0,0,18,0.7777777777777778
3312,16,1,3,0,0,20,0.8
3313,14,1,1,1,0,17,0.8235294117647058
3314,15,1,1,0,0,17,0.8823529411764706
3315,15,1,2,0,0,18,0.8333333333333334
3316,16,1,1,0,0,18,0.8888888888888888
3317,14,1,1,0,0,16,0.875
3318,14,1,2,0,0,17,0.8235294117647058
3319,16,1,1,1,0,19,0.8421052631578947
3320,16,1,2,0,0,19,0.8421052631578947
3321,13,1,2,0,0,16,0.8125
3322,14,1,3,0,0,18,0.7777777777777778
3323,15,2,1,0,0,18,0.8333333333333334
3324,15,1,4,0,0,20,0.75
3325,15,1,1,0,0,17,0.8823529411764706
3326,14,1,3,0,0,18,0.7777777777777778
3327,15,0,3,0,0,18,0.8333333333333334
3328,13,1,3,0,0,17,0.7647058823529411
3329,13,1,3,0,0,17,0.7647058823529411
3330,16,1,2,0,0,19,0.8421052631578947
3331,12,1,3,0,0,16,0.75
3332,13,1,3,0,0,17,0.7647058823529411
3333,11,1,3,0,0,15,0.7333333333333333
3334,11,1,3,0,0,15,0.7333333333333333
3335,15,1,2,0,0,18,0.8333333333333334
3336,17,1,1,0,0,19,0.8947368421052632
3337,13,1,2,0,0,16,0.8125
3338,15,1,2,0,0,18,0.8333333333333334
3339,14,1,2,0,0,17,0.8235294117647058
3340,16,1,2,0,0,19,0.8421052631578947
3341,14,1,2,0,0,17,0.8235294117647058
3342,14,1,2,0,0,17,0.8235294117647058
3343,16,1,2,0,0,19,0.8421052631578947
3344,15,1,2,0,0,18,0.8333333333333334
3345,14,1,2,0,0,17,0.8235294117647058
3346,15,1,2,0,0,18,0.8333333333333334
3347,14,1,2,1,0,18,0.7777777777777778
3348,13,1,2,0,0,16,0.8125
3349,15,1,1,0,0,17,0.8823529411764706
3350,15,1,2,0,0,18,0.8333333333333334
3351,16,1,1,0,0,18,0.8888888888888888
3352,10,1,1,0,0,12,0.8333333333333334
3353,15,1,2,0,0,18,0.8333333333333334
3354,12,1,1,0,0,14,0.8571428571428571
3355,13,1,1,0,0,15,0.8666666666666667
3356,14,1,3,0,0,18,0.7777777777777778
3357,12,1,2,0,0,15,0.8
3358,13,1,2,0,0,16,0.8125
3359,16,1,2,0,0,19,0.8421052631578947
3360,15,1,2,0,0,18,0.8333333333333334
3361,15,1,2,0,0,18,0.8333333333333334
3362,13,1,2,0,0,16,0.8125
3363,15,1,2,0,0,18,0.8333333333333334
3364,16,1,2,0,0,19,0.8421052631578947
3365,12,1,3,0,0,16,0.75
3366,13,1,2,0,0,16,0.8125
3367,16,1,3,0,0,20,0.8
3368,15,1,2,0,0,18,0.8333333333333334
3369,15,1,1,0,0,17,0.8823529411764706
3370,13,1,2,0,0,16,0.8125
3371,14,1,2,0,0,17,0.8235294117647058
3372,13,1,2,0,0,16,0.8125
3373,15,1,2,0,0,18,0.8333333333333334
3374,14,1,2,0,0,17,0.8235294117647058
3375,16,1,2,0,0,19,0.8421052631578947
3376,14,1,2,0,0,17,0.8235294117647058
3377,15,1,2,1,0,19,0.7894736842105263
3378,14,1,2,0,0,17,0.8235294117647058
3379,16,1,2,0,0,19,0.8421052631578947
3380,16,1,2,0,0,19,0.8421052631578947
3381,15,1,2,0,0,18,0.8333333333333334
3382,15,1,2,0,0,18,0.8333333333333334
3383,15,1,2,0,0,18,0.8333333333333334
3384,16,1,2,0,0,19,0.8421052631578947
3385,15,1,2,1,0,19,0.7894736842105263
3386,14,1,2,0,0,17,0.8235294117647058
3387,14,1,2,0,0,17,0.8235294117647058
3388,14,1,2,0,0,17,0.8235294117647058
3389,13,1,1,0,0,15,0.8666666666666667
3390,15,1,1,0,0,17,0.8823529411764706
3391,14,1,2,0,0,17,0.8235294117647058
3392,15,1,2,0,0,18,0.8333333333333334
3393,15,1,2,0,0,18,0.8333333333333334
3394,15,1,2,0,0,18,0.8333333333333334
3395,15,1,3,1,0,20,0.75
3396,12,1,2,0,0,15,0.8
3397,14,1,3,0,0,18,0.7777777777777778
3398,16,1,3,0,0,20,0.8
3399,12,1,4,0,0,17,0.7058823529411765
3400,17,1,3,0,0,21,0.8095238095238095
3401,15,1,3,0,0,19,0.7894736842105263
3402,15,1,3,0,0,19,0.7894736842105263
3403,15,1,3,0,0,19,0.7894736842105263
3404,16,1,3,0,0,20,0.8
3405,16,1,3,0,0,20,0.8
3406,15,1,3,1,0,20,0.75
3407,16,1,2,0,0,19,0.8421052631578947
3408,16,1,3,0,0,20,0.8
3409,16,1,3,0,0,20,0.8
3410,15,1,2,0,0,18,0.8333333333333334
3411,16,1,2,0,0,19,0.8421052631578947
3412,15,1,2,0,0,18,0.8333333333333334
3413,14,1,3,0,0,18,0.7777777777777778
3414,14,1,1,0,0,16,0.875
3415,14,1,3,1,0,19,0.7368421052631579
3416,13,1,2,0,0,16,0.8125
3417,13,1,2,0,0,16,0.8125
3418,16,1,2,0,0,19,0.8421052631578947
3419,15,1,2,1,0,19,0.7894736842105263
3420,16,1,2,0,0,19,0.8421052631578947
3421,14,1,2,0,0,17,0.8235294117647058
3422,14,1,3,0,0,18,0.7777777777777778
3423,14,1,3,0,0,18,0.7777777777777778
3424,15,1,3,0,0,19,0.7894736842105263
3425,16,1,2,0,0,19,0.8421052631578947
3426,15,1,1,0,0,17,0.8823529411764706
3427,15,1,2,0,0,18,0.8333333333333334
3428,16,1,2,0,0,19,0.8421052631578947
3429,15,1,1,0,0,17,0.8823529411764706
3430,14,1,2,0,0,17,0.8235294117647058
3431,15,1,3,0,0,19,0.7894736842105263
3432,15,1,1,0,0,17,0.8823529411764706
3433,16,1,2,0,0,19,0.8421052631578947
3434,15,1,2,1,0,19,0.7894736842105263
3435,14,1,2,0,0,17,0.8235294117647058
3436,15,1,2,0,0,18,0.8333333333333334
3437,14,1,2,0,0,17,0.8235294117647058
3438,15,1,2,0,0,18,0.8333333333333334
3439,15,1,2,0,0,18,0.8333333333333334
3440,15,1,2,0,0,18,0.8333333333333334
3441,16,1,2,1,0,20,0.8
3442,16,1,2,0,0,19,0.8421052631578947
3443,14,1,2,1,0,18,0.7777777777777778
3444,16,1,2,0,0,19,0.8421052631578947
3445,13,1,3,1,0,18,0.7222222222222222
3446,14,1,2,0,0,17,0.8235294117647058
3447,16,1,2,0,0,19,0.8421052631578947
3448,16,1,2,0,0,19,0.8421052631578947
3449,17,1,2,0,0,20,0.85
3450,17,1,2,0,0,20,0.85
3451,16,1,2,0,0,19,0.8421052631578947
3452,15,1,2,0,0,18,0.8333333333333334
3453,14,1,2,1,0,18,0.7777777777777778
3454,15,1,2,0,0,18,0.8333333333333334
3455,16,1,2,0,0,19,0.8421052631578947
3456,16,1,2,0,0,19,0.8421052631578947
3457,16,1,2,0,0,19,0.8421052631578947
3458,15,1,2,0,0,18,0.8333333333333334
3459,16,1,2,1,0,20,0.8
3460,16,1,2,1,0,20,0.8
3461,15,1,2,1,0,19,0.7894736842105263
3462,13,1,3,0,0,17,0.7647058823529411
3463,16,1,2,0,0,19,0.8421052631578947
3464,16,1,2,0,0,19,0.8421052631578947
3465,15,1,2,0,0,18,0.8333333333333334
3466,17,1,2,0,0,20,0.85
3467,13,1,3,0,0,17,0.7647058823529411
3468,16,1,2,1,0,20,0.8
3469,14,1,2,1,0,18,0.7777777777777778
3470,14,1,2,1,0,18,0.7777777777777778
3471,14,1,2,0,0,17,0.8235294117647058
3472,16,1,2,0,0,19,0.8421052631578947
3473,16,1,2,0,0,19,0.8421052631578947
3474,16,1,2,1,0,20,0.8
3475,15,1,2,1,0,19,0.7894736842105263
3476,16,1,2,1,0,20,0.8
3477,16,1,2,0,0,19,0.8421052631578947
3478,14,1,2,0,0,17,0.8235294117647058
3479,16,1,2,0,0,19,0.8421052631578947
3480,15,1,3,0,0,19,0.7894736842105263
3481,15,1,2,0,0,18,0.8333333333333334
3482,15,1,3,1,0,20,0.75
3483,15,1,2,0,0,18,0.8333333333333334
3484,17,1,2,0,0,20,0.85
3485,16,1,2,1,0,20,0.8
3486,13,1,2,0,0,16,0.8125
3487,13,1,2,0,0,16,0.8125
3488,17,1,2,0,0,20,0.85
3489,15,1,2,1,0,19,0.7894736842105263
3490,16,1,2,1,0,20,0.8
3491,15,1,2,1,0,19,0.7894736842105263
3492,14,1,2,0,0,17,0.8235294117647058
3493,14,1,2,0,0,17,0.8235294117647058
3494,16,1,2,1,0,20,0.8
3495,16,1,2,0,0,19,0.8421052631578947
3496,15,1,2,1,0,19,0.7894736842105263
3497,16,1,2,1,0,20,0.8
3498,14,1,2,0,0,17,0.8235294117647058
3499,15,1,2,0,0,18,0.8333333333333334
3500,16,1,2,0,0,19,0.8421052631578947
3501,15,1,2,1,0,19,0.7894736842105263
3502,16,1,2,1,0,20,0.8
3503,17,1,2,0,0,20,0.85
3504,16,1,2,0,0,19,0.8421052631578947
3505,15,1,2,1,0,19,0.7894736842105263
3506,16,1,2,1,0,20,0.8
3507,16,1,2,0,0,19,0.8421052631578947
3508,13,1,2,1,0,17,0.7647058823529411
3509,15,1,3,0,0,19,0.7894736842105263
3510,15,1,2,0,0,18,0.8333333333333334
3511,16,1,2,1,0,20,0.8
3512,15,1,2,0,0,18,0.8333333333333334
3513,15,1,2,0,0,18,0.8333333333333334
3514,15,1,2,0,0,18,0.8333333333333334
3515,15,1,2,0,0,18,0.8333333333333334
3516,15,1,2,0,0,18,0.8333333333333334
3517,14,1,2,0,0,17,0.8235294117647058
3518,16,1,2,1,0,20,0.8
3519,16,1,2,0,0,19,0.8421052631578947
3520,17,1,2,1,0,21,0.8095238095238095
3521,15,1,2,1,0,19,0.7894736842105263
3522,16,1,2,1,0,20,0.8
3523,15,1,2,1,0,19,0.7894736842105263
3524,15,1,2,0,0,18,0.8333333333333334
3525,15,1,2,1,0,19,0.7894736842105263
3526,13,1,3,0,0,17,0.7647058823529411
3527,16,1,2,1,0,20,0.8
3528,16,1,2,0,0,19,0.8421052631578947
3529,16,1,2,1,0,20,0.8
3530,17,1,2,0,0,20,0.85
3531,16,1,2,1,0,20,0.8
3532,15,1,2,1,0,19,0.7894736842105263
3533,16,1,2,1,0,20,0.8
3534,16,1,2,0,0,19,0.8421052631578947
3535,15,1,2,0,0,18,0.8333333333333334
3536,15,1,2,0,0,18,0.8333333333333334
3537,17,1,2,1,0,21,0.8095238095238095
3538,17,1,2,0,0,20,0.85
3539,16,1,2,1,0,20,0.8
3540,15,1,2,0,0,18,0.8333333333333334
3541,15,1,2,0,0,18,0.8333333333333334
3542,16,1,2,0,0,19,0.8421052631578947
3543,14,1,2,1,0,18,0.7777777777777778
3544,13,1,2,0,0,16,0.8125
3545,15,1,2,1,0,19,0.7894736842105263
3546,15,1,2,0,0,18,0.8333333333333334
3547,17,1,2,0,0,20,0.85
3548,16,1,2,1,0,20,0.8
3549,17,1,2,0,0,20,0.85
3550,17,1,2,1,0,21,0.8095238095238095
3551,16,1,3,0,0,20,0.8
3552,17,1,2,0,0,20,0.85
3553,16,1,2,1,0,20,0.8
3554,16,1,2,0,0,19,0.8421052631578947
3555,14,1,2,0,0,17,0.8235294117647058
3556,16,1,2,1,0,20,0.8
3557,14,1,2,0,0,17,0.8235294117647058
3558,16,1,2,0,0,19,0.8421052631578947
3559,17,1,2,0,0,20,0.85
3560,14,1,3,1,0,19,0.7368421052631579
3561,15,1,2,0,0,18,0.8333333333333334
3562,15,1,2,0,0,18,0.8333333333333334
3563,15,1,2,1,0,19,0.7894736842105263
3564,15,1,2,0,0,18,0.8333333333333334
3565,17,1,2,0,0,20,0.85
3566,15,1,2,1,0,19,0.7894736842105263
3567,16,1,2,0,0,19,0.8421052631578947
3568,16,1,2,1,0,20,0.8
3569,16,1,2,0,0,19,0.8421052631578947
3570,12,1,2,1,0,16,0.75
3571,15,1,2,0,0,18,0.8333333333333334
3572,14,1,2,0,0,17,0.8235294117647058
3573,17,1,2,1,0,21,0.8095238095238095
3574,17,1,1,0,0,19,0.8947368421052632
3575,17,1,2,1,0,21,0.8095238095238095
3576,15,1,2,1,0,19,0.7894736842105263
3577,15,1,2,0,0,18,0.8333333333333334
3578,16,1,2,0,0,19,0.8421052631578947
3579,15,1,2,0,0,18,0.8333333333333334
3580,12,1,3,0,0,16,0.75
3581,16,1,2,1,0,20,0.8
3582,15,1,2,0,0,18,0.8333333333333334
3583,13,1,2,0,0,16,0.8125
3584,15,1,2,0,0,18,0.8333333333333334
3585,12,1,2,1,0,16,0.75
3586,14,1,2,0,0,17,0.8235294117647058
3587,15,1,2,1,0,19,0.7894736842105263
3588,14,1,2,0,0,17,0.8235294117647058
3589,14,1,2,1,0,18,0.7777777777777778
3590,16,1,2,1,0,20,0.8
3591,15,1,2,0,0,18,0.8333333333333334
3592,15,1,2,0,0,18,0.8333333333333334
3593,15,1,2,1,0,19,0.7894736842105263
3594,16,1,2,1,0,20,0.8
3595,17,1,2,1,0,21,0.8095238095238095
3596,16,1,2,1,0,20,0.8
3597,17,1,2,1,0,21,0.8095238095238095
3598,17,1,2,0,0,20,0.85
3599,17,1,2,0,0,20,0.85
3600,15,1,2,0,0,18,0.8333333333333334
3601,16,1,3,0,0,20,0.8
3602,16,1,2,1,0,20,0.8
3603,16,1,2,1,0,20,0.8
3604,15,1,2,0,0,18,0.8333333333333334
3605,16,1,2,1,0,20,0.8
3606,16,1,2,0,0,19,0.8421052631578947
3607,17,1,2,0,0,20,0.85
3608,16,1,2,0,0,19,0.8421052631578947
3609,15,1,2,1,0,19,0.7894736842105263
3610,15,1,2,0,0,18,0.8333333333333334
3611,15,1,2,1,0,19,0.7894736842105263
3612,15,1,2,1,0,19,0.7894736842105263
3613,15,1,2,1,0,19,0.7894736842105263
3614,17,1,2,1,0,21,0.8095238095238095
3615,17,1,2,0,0,20,0.85
3616,14,1,2,0,0,17,0.8235294117647058
3617,15,1,2,1,0,19,0.7894736842105263
3618,15,1,3,1,0,20,0.75
3619,17,1,3,0,0,21,0.8095238095238095
3620,12,1,3,0,0,16,0.75
3621,14,1,2,1,0,18,0.7777777777777778
3622,16,1,2,1,0,20,0.8
3623,16,1,2,1,0,20,0.8
3624,15,1,2,1,0,19,0.7894736842105263
3625,12,1,3,0,0,16,0.75
3626,15,1,3,1,0,20,0.75
3627,12,1,2,0,0,15,0.8
3628,17,1,2,1,0,21,0.8095238095238095
3629,15,1,2,1,0,19,0.7894736842105263
3630,14,1,2,1,0,18,0.7777777777777778
3631,15,1,2,1,0,19,0.7894736842105263
3632,17,1,2,0,0,20,0.85
3633,17,1,2,1,0,21,0.8095238095238095
3634,15,1,2,0,0,18,0.8333333333333334
3635,15,1,2,0,0,18,0.8333333333333334
3636,15,1,2,1,0,19,0.7894736842105263
3637,16,1,2,1,0,20,0.8
3638,16,1,2,0,0,19,0.8421052631578947
3639,16,1,2,1,0,20,0.8
3640,15,1,2,0,0,18,0.8333333333333334
3641,14,1,2,1,0,18,0.7777777777777778
3642,15,1,2,1,0,19,0.7894736842105263
3643,17,1,2,0,0,20,0.85
3644,14,1,3,0,0,18,0.7777777777777778
3645,17,1,3,0,0,21,0.8095238095238095
3646,14,1,3,0,0,18,0.7777777777777778
3647,15,1,3,1,0,20,0.75
3648,16,1,2,0,0,19,0.8421052631578947
3649,17,1,2,1,0,21,0.8095238095238095
3650,14,1,2,0,0,17,0.8235294117647058
3651,16,1,2,1,0,20,0.8
3652,14,1,3,1,0,19,0.7368421052631579
3653,15,1,2,1,0,19,0.7894736842105263
3654,16,1,2,1,0,20,0.8
3655,15,1,2,1,0,19,0.7894736842105263
3656,17,1,2,0,0,20,0.85
3657,16,1,2,1,0,20,0.8
3658,14,1,2,0,0,17,0.8235294117647058
3659,16,1,2,1,0,20,0.8
3660,15,1,2,1,0,19,0.7894736842105263
3661,15,1,2,1,0,19,0.7894736842105263
3662,15,1,2,1,0,19,0.7894736842105263
3663,13,1,2,0,0,16,0.8125
3664,15,1,2,1,0,19,0.7894736842105263
3665,13,1,2,0,0,16,0.8125
3666,15,1,2,1,0,19,0.7894736842105263
3667,16,1,2,0,0,19,0.8421052631578947
3668,15,1,2,1,0,19,0.7894736842105263
3669,15,1,2,1,0,19,0.7894736842105263
3670,15,1,2,0,0,18,0.8333333333333334
3671,13,1,2,1,0,17,0.7647058823529411
3672,15,1,2,1,0,19,0.7894736842105263
3673,15,1,2,1,0,19,0.7894736842105263
3674,15,1,2,0,0,18,0.8333333333333334
3675,15,1,2,1,0,19,0.7894736842105263
3676,14,1,2,0,0,17,0.8235294117647058
3677,14,1,2,1,0,18,0.7777777777777778
3678,14,1,2,0,0,17,0.8235294117647058
3679,14,1,3,0,0,18,0.7777777777777778
3680,15,1,2,1,0,19,0.7894736842105263
3681,16,1,2,1,0,20,0.8
3682,15,1,2,1,0,19,0.7894736842105263
3683,16,1,2,1,0,20,0.8
3684,16,1,2,1,0,20,0.8
3685,14,1,2,0,0,17,0.8235294117647058
3686,17,1,2,0,0,20,0.85
3687,16,1,2,0,0,19,0.8421052631578947
3688,16,1,2,1,0,20,0.8
3689,15,1,2,0,0,18,0.8333333333333334
3690,15,1,2,1,0,19,0.7894736842105263
3691,16,1,2,0,0,19,0.8421052631578947
3692,16,1,2,1,0,20,0.8
3693,15,1,2,1,0,19,0.7894736842105263
3694,15,1,2,1,0,19,0.7894736842105263
3695,16,1,2,0,0,19,0.8421052631578947
3696,16,1,2,1,0,20,0.8
3697,15,1,2,1,0,19,0.7894736842105263
3698,15,1,2,0,0,18,0.8333333333333334
3699,17,1,2,0,0,20,0.85
3700,16,1,2,1,0,20,0.8
3701,16,1,3,0,0,20,0.8
3702,16,1,2,0,0,19,0.8421052631578947
3703,17,1,2,1,0,21,0.8095238095238095
3704,14,1,2,1,0,18,0.7777777777777778
3705,15,1,2,0,0,18,0.8333333333333334
3706,15,1,2,0,0,18,0.8333333333333334
3707,17,1,2,0,0,20,0.85
3708,16,1,2,1,0,20,0.8
3709,15,1,2,0,0,18,0.8333333333333334
3710,16,1,2,0,0,19,0.8421052631578947
3711,15,1,2,0,0,18,0.8333333333333334
3712,14,1,2,0,0,17,0.8235294117647058
3713,16,1,2,0,0,19,0.8421052631578947
3714,15,1,2,1,0,19,0.7894736842105263
3715,16,1,2,0,0,19,0.8421052631578947
3716,16,1,2,1,0,20,0.8
3717,15,1,2,1,0,19,0.7894736842105263
3718,14,1,2,0,0,17,0.8235294117647058
3719,14,1,2,1,0,18,0.7777777777777778
3720,16,1,2,0,0,19,0.8421052631578947
3721,14,1,2,0,0,17,0.8235294117647058
3722,16,1,2,0,0,19,0.8421052631578947
3723,16,1,2,0,0,19,0.8421052631578947
3724,15,1,2,0,0,18,0.8333333333333334
3725,16,1,2,0,0,19,0.8421052631578947
3726,16,1,2,0,0,19,0.8421052631578947
3727,16,1,2,1,0,20,0.8
3728,15,1,2,1,0,19,0.7894736842105263
3729,16,1,2,0,0,19,0.8421052631578947
3730,15,1,2,0,0,18,0.8333333333333334
3731,16,1,2,0,0,19,0.8421052631578947
3732,14,1,2,1,0,18,0.7777777777777778
3733,15,1,2,0,0,18,0.8333333333333334
3734,13,1,2,0,0,16,0.8125
3735,14,1,2,0,0,17,0.8235294117647058
3736,15,1,2,1,0,19,0.7894736842105263
3737,16,1,2,0,0,19,0.8421052631578947
3738,14,1,2,1,0,18,0.7777777777777778
3739,15,1,2,1,0,19,0.7894736842105263
3740,15,1,2,1,0,19,0.7894736842105263
3741,15,1,2,0,0,18,0.8333333333333334
3742,14,1,2,1,0,18,0.7777777777777778
3743,16,1,2,0,0,19,0.8421052631578947
3744,14,1,2,0,0,17,0.8235294117647058
3745,15,1,2,0,0,18,0.8333333333333334
3746,16,1,2,0,0,19,0.8421052631578947
3747,11,1,2,1,0,15,0.7333333333333333
3748,14,1,2,1,0,18,0.7777777777777778
3749,14,1,2,1,0,18,0.7777777777777778
3750,13,1,2,0,0,16,0.8125
3751,15,1,2,1,0,19,0.7894736842105263
3752,17,1,2,1,0,21,0.8095238095238095
3753,14,1,2,0,0,17,0.8235294117647058
3754,16,1,2,0,0,19,0.8421052631578947
3755,15,1,2,1,0,19,0.7894736842105263
3756,16,1,2,0,0,19,0.8421052631578947
3757,13,1,2,1,0,17,0.7647058823529411
3758,13,1,2,0,0,16,0.8125
3759,15,1,2,0,0,18,0.8333333333333334
3760,13,1,3,1,0,18,0.7222222222222222
3761,16,1,2,1,0,20,0.8
3762,15,1,2,0,0,18,0.8333333333333334
3763,16,1,2,0,0,19,0.8421052631578947
3764,17,1,2,1,0,21,0.8095238095238095
3765,13,1,2,1,0,17,0.7647058823529411
3766,16,1,3,1,0,21,0.7619047619047619
3767,17,1,3,0,0,21,0.8095238095238095
3768,16,1,2,0,0,19,0.8421052631578947
3769,16,1,2,0,0,19,0.8421052631578947
3770,16,1,2,0,0,19,0.8421052631578947
3771,17,1,2,1,0,21,0.8095238095238095
3772,13,1,2,1,0,17,0.7647058823529411
3773,15,1,2,1,0,19,0.7894736842105263
3774,15,1,2,1,0,19,0.7894736842105263
3775,15,1,2,1,0,19,0.7894736842105263
3776,15,1,2,1,0,19,0.7894736842105263
3777,16,1,2,1,0,20,0.8
3778,15,1,2,0,0,18,0.8333333333333334
3779,14,1,2,0,0,17,0.8235294117647058
3780,14,1,2,0,0,17,0.8235294117647058
3781,15,1,2,0,0,18,0.8333333333333334
3782,15,1,2,1,0,19,0.7894736842105263
3783,15,1,2,0,0,18,0.8333333333333334
3784,17,1,2,1,0,21,0.8095238095238095
3785,16,1,2,0,0,19,0.8421052631578947
3786,16,1,2,1,0,20,0.8
3787,16,1,2,1,0,20,0.8
3788,16,1,2,1,0,20,0.8
3789,15,1,2,0,0,18,0.8333333333333334
3790,17,1,2,0,0,20,0.85
3791,16,1,2,0,0,19,0.8421052631578947
3792,16,1,2,1,0,20,0.8
3793,15,1,2,1,0,19,0.7894736842105263
3794,16,1,2,1,0,20,0.8
3795,16,1,2,1,0,20,0.8
3796,16,1,2,1,0,20,0.8
3797,15,1,2,0,0,18,0.8333333333333334
3798,14,1,2,0,0,17,0.8235294117647058
3799,16,1,2,0,0,19,0.8421052631578947
3800,16,1,2,1,0,20,0.8
3801,15,1,2,1,0,19,0.7894736842105263
3802,15,1,2,1,0,19,0.7894736842105263
3803,14,1,2,1,0,18,0.7777777777777778
3804,15,1,2,1,0,19,0.7894736842105263
3805,15,1,2,1,0,19,0.7894736842105263
3806,15,1,2,1,0,19,0.7894736842105263
3807,17,1,2,1,0,21,0.8095238095238095
3808,13,1,3,0,0,17,0.7647058823529411
3809,16,1,2,1,0,20,0.8
3810,13,1,2,0,0,16,0.8125
3811,15,1,2,1,0,19,0.7894736842105263
3812,16,1,2,0,0,19,0.8421052631578947
3813,16,1,2,1,0,20,0.8
3814,17,1,2,0,0,20,0.85
3815,13,1,2,0,0,16,0.8125
3816,16,1,2,1,0,20,0.8
3817,15,1,2,1,0,19,0.7894736842105263
3818,16,1,2,1,0,20,0.8
3819,14,1,2,0,0,17,0.8235294117647058
3820,16,1,2,1,0,20,0.8
3821,16,1,3,0,0,20,0.8
3822,16,1,2,1,0,20,0.8
3823,14,1,2,0,0,17,0.8235294117647058
3824,16,1,2,0,0,19,0.8421052631578947
3825,16,1,2,0,0,19,0.8421052631578947
3826,15,1,3,0,0,19,0.7894736842105263
3827,16,1,2,1,0,20,0.8
3828,15,1,2,0,0,18,0.8333333333333334
3829,17,1,2,1,0,21,0.8095238095238095
3830,15,1,2,1,0,19,0.7894736842105263
3831,15,1,2,0,0,18,0.8333333333333334
3832,15,1,2,0,0,18,0.8333333333333334
3833,16,1,2,1,0,20,0.8
3834,14,1,2,0,0,17,0.8235294117647058
3835,15,1,2,1,0,19,0.7894736842105263
3836,14,1,2,1,0,18,0.7777777777777778
3837,15,1,2,0,0,18,0.8333333333333334
3838,15,1,2,0,0,18,0.8333333333333334
3839,16,1,2,0,0,19,0.8421052631578947
3840,15,1,2,0,0,18,0.8333333333333334
3841,14,1,2,0,0,17,0.8235294117647058
3842,15,1,2,0,0,18,0.8333333333333334
3843,16,1,2,0,0,19,0.8421052631578947
3844,14,1,2,0,0,17,0.8235294117647058
3845,15,1,2,1,0,19,0.7894736842105263
3846,14,1,2,0,0,17,0.8235294117647058
3847,15,1,3,0,0,19,0.7894736842105263
3848,15,1,2,0,0,18,0.8333333333333334
3849,15,1,2,1,0,19,0.7894736842105263
3850,16,1,2,1,0,20,0.8
3851,16,1,2,1,0,20,0.8
3852,15,1,2,1,0,19,0.7894736842105263
3853,16,1,2,0,0,19,0.8421052631578947
3854,16,1,2,1,0,20,0.8
3855,15,1,2,1,0,19,0.7894736842105263
3856,16,1,2,1,0,20,0.8
3857,16,1,2,0,0,19,0.8421052631578947
3858,13,1,2,1,0,17,0.7647058823529411
3859,16,1,2,0,0,19,0.8421052631578947
3860,16,1,2,0,0,19,0.8421052631578947
3861,14,1,2,1,0,18,0.7777777777777778
3862,15,1,2,1,0,19,0.7894736842105263
3863,15,1,2,1,0,19,0.7894736842105263
3864,15,1,2,0,0,18,0.8333333333333334
3865,16,1,2,0,0,19,0.8421052631578947
3866,16,1,2,0,0,19,0.8421052631578947
3867,14,1,2,0,0,17,0.8235294117647058
3868,15,1,2,0,0,18,0.8333333333333334
3869,13,1,2,1,0,17,0.7647058823529411
3870,15,1,2,0,0,18,0.8333333333333334
3871,14,1,2,0,0,17,0.8235294117647058
3872,13,1,2,0,0,16,0.8125
3873,16,1,2,0,0,19,0.8421052631578947
3874,14,1,2,1,0,18,0.7777777777777778
3875,14,1,2,0,0,17,0.8235294117647058
3876,15,1,2,0,0,18,0.8333333333333334
3877,14,1,2,0,0,17,0.8235294117647058
3878,15,1,2,1,0,19,0.7894736842105263
3879,12,1,2,1,0,16,0.75
3880,14,1,2,1,0,18,0.7777777777777778
3881,15,1,2,1,0,19,0.7894736842105263
3882,15,1,2,0,0,18,0.8333333333333334
3883,13,1,2,1,0,17,0.7647058823529411
3884,14,1,2,0,0,17,0.8235294117647058
3885,14,1,2,0,0,17,0.8235294117647058
3886,15,1,2,1,0,19,0.7894736842105263
3887,15,1,2,1,0,19,0.7894736842105263
3888,17,1,2,0,0,20,0.85
3889,17,1,2,1,0,21,0.8095238095238095
3890,15,1,2,1,0,19,0.7894736842105263
3891,14,1,2,0,0,17,0.8235294117647058
3892,17,1,2,0,0,20,0.85
3893,15,1,2,0,0,18,0.8333333333333334
3894,15,1,2,0,0,18,0.8333333333333334
3895,13,1,2,0,0,16,0.8125
3896,15,1,2,0,0,18,0.8333333333333334
3897,14,1,2,1,0,18,0.7777777777777778
3898,13,1,2,0,0,16,0.8125
3899,15,1,2,0,0,18,0.8333333333333334
3900,13,1,2,1,0,17,0.7647058823529411
3901,14,1,2,1,0,18,0.7777777777777778
3902,15,1,2,1,0,19,0.7894736842105263
3903,13,1,2,1,0,17,0.7647058823529411
3904,14,1,2,1,0,18,0.7777777777777778
3905,15,1,2,1,0,19,0.7894736842105263
3906,13,1,2,1,0,17,0.7647058823529411
3907,15,1,2,1,0,19,0.7894736842105263
3908,16,1,2,1,0,20,0.8
3909,14,1,2,0,0,17,0.8235294117647058
3910,13,1,2,1,0,17,0.7647058823529411
3911,14,1,2,1,0,18,0.7777777777777778
3912,16,1,2,0,0,19,0.8421052631578947
3913,16,1,2,0,0,19,0.8421052631578947
3914,14,1,2,0,0,17,0.8235294117647058
3915,12,1,2,0,0,15,0.8
3916,15,1,2,0,0,18,0.8333333333333334
3917,16,1,2,1,0,20,0.8
3918,14,1,2,0,0,17,0.8235294117647058
3919,13,1,2,0,0,16,0.8125
3920,15,1,2,1,0,19,0.7894736842105263
3921,15,1,2,1,0,19,0.7894736842105263
3922,14,1,2,1,0,18,0.7777777777777778
3923,15,1,2,1,0,19,0.7894736842105263
3924,14,1,2,1,0,18,0.7777777777777778
3925,16,1,2,0,0,19,0.8421052631578947
3926,14,1,2,1,0,18,0.7777777777777778
3927,15,1,2,1,0,19,0.7894736842105263
3928,15,1,2,1,0,19,0.7894736842105263
3929,14,1,2,1,0,18,0.7777777777777778
3930,14,1,2,0,0,17,0.8235294117647058
3931,16,1,2,1,0,20,0.8
3932,15,1,2,1,0,19,0.7894736842105263
3933,11,1,2,1,0,15,0.7333333333333333
3934,14,1,2,0,0,17,0.8235294117647058
3935,13,1,2,1,0,17,0.7647058823529411
3936,17,1,2,0,0,20,0.85
3937,14,1,2,0,0,17,0.8235294117647058
3938,13,1,2,1,0,17,0.7647058823529411
3939,13,1,2,1,0,17,0.7647058823529411
3940,14,1,2,1,0,18,0.7777777777777778
3941,14,1,2,1,0,18,0.7777777777777778
3942,14,1,2,1,0,18,0.7777777777777778
3943,14,1,2,1,0,18,0.7777777777777778
3944,16,1,2,1,0,20,0.8
3945,14,1,2,1,0,18,0.7777777777777778
3946,15,1,2,1,0,19,0.7894736842105263
3947,12,1,2,0,0,15,0.8
3948,14,1,2,1,0,18,0.7777777777777778
3949,13,1,2,0,0,16,0.8125
3950,15,1,2,1,0,19,0.7894736842105263
3951,16,1,2,1,0,20,0.8
3952,13,1,2,1,0,17,0.7647058823529411
3953,14,1,2,1,0,18,0.7777777777777778
3954,17,1,2,0,0,20,0.85
3955,16,1,2,1,0,20,0.8
3956,14,1,2,1,0,18,0.7777777777777778
3957,15,1,2,0,0,18,0.8333333333333334
3958,15,1,2,1,0,19,0.7894736842105263
3959,13,1,2,0,0,16,0.8125
3960,14,1,2,1,0,18,0.7777777777777778
3961,16,1,2,0,0,19,0.8421052631578947
3962,14,1,2,1,0,18,0.7777777777777778
3963,15,1,2,0,0,18,0.8333333333333334
3964,14,1,2,1,0,18,0.7777777777777778
3965,13,1,1,1,0,16,0.8125
3966,16,1,2,1,0,20,0.8
3967,15,1,2,1,0,19,0.7894736842105263
3968,15,1,2,1,0,19,0.7894736842105263
3969,14,1,2,1,0,18,0.7777777777777778
3970,14,1,2,1,0,18,0.7777777777777778
3971,14,1,2,0,0,17,0.8235294117647058
3972,15,1,2,1,0,19,0.7894736842105263
3973,15,1,2,1,0,19,0.7894736842105263
3974,16,1,2,1,0,20,0.8
3975,15,1,2,0,0,18,0.8333333333333334
3976,15,1,2,0,0,18,0.8333333333333334
3977,16,1,2,1,0,20,0.8
3978,16,1,2,0,0,19,0.8421052631578947
3979,16,1,2,0,0,19,0.8421052631578947
3980,16,1,2,1,0,20,0.8
3981,16,1,2,1,0,20,0.8
3982,15,1,2,1,0,19,0.7894736842105263
3983,14,1,2,1,0,18,0.7777777777777778
3984,17,1,2,1,0,21,0.8095238095238095
3985,16,1,2,1,0,20,0.8
3986,16,1,2,0,0,19,0.8421052631578947
3987,14,1,2,0,0,17,0.8235294117647058
3988,15,1,2,1,0,19,0.7894736842105263
3989,15,1,2,0,0,18,0.8333333333333334
3990,13,1,2,1,0,17,0.7647058823529411
3991,16,1,2,1,0,20,0.8
3992,14,1,2,1,0,18,0.7777777777777778
3993,15,1,2,1,0,19,0.7894736842105263
3994,14,1,2,0,0,17,0.8235294117647058
3995,15,1,2,1,0,19,0.7894736842105263
3996,15,1,2,1,0,19,0.7894736842105263
3997,14,1,2,0,0,17,0.8235294117647058
3998,15,1,2,1,0,19,0.7894736842105263
3999,14,1,2,1,0,18,0.7777777777777778
4000,14,1,2,1,0,18,0.7777777777777778
4001,14,1,2,1,0,18,0.7777777777777778
4002,16,1,2,1,0,20,0.8
4003,16,1,2,1,0,20,0.8
4004,15,1,2,0,0,18,0.8333333333333334
4005,15,1,2,1,0,19,0.7894736842105263
4006,16,1,2,1,0,20,0.8
4007,14,1,2,1,0,18,0.7777777777777778
4008,14,1,2,1,0,18,0.7777777777777778
4009,15,1,2,1,0,19,0.7894736842105263
4010,15,1,2,1,0,19,0.7894736842105263
4011,16,1,2,1,0,20,0.8
4012,14,1,2,1,0,18,0.7777777777777778
4013,13,1,2,1,0,17,0.7647058823529411
4014,16,1,2,1,0,20,0.8
4015,16,1,2,1,0,20,0.8
4016,16,1,2,1,0,20,0.8
4017,16,1,2,1,0,20,0.8
4018,15,1,2,1,0,19,0.7894736842105263
4019,13,1,2,1,0,17,0.7647058823529411
4020,15,1,1,1,0,18,0.8333333333333334
4021,16,1,1,1,0,19,0.8421052631578947
4022,15,1,1,1,0,18,0.8333333333333334
4023,14,1,1,1,0,17,0.8235294117647058
4024,16,1,1,1,0,19,0.8421052631578947
4025,14,1,2,0,0,17,0.8235294117647058
4026,13,1,2,1,0,17,0.7647058823529411
4027,14,1,1,1,0,17,0.8235294117647058
4028,15,1,1,1,0,18,0.8333333333333334
4029,16,1,1,0,0,18,0.8888888888888888
4030,13,1,2,0,0,16,0.8125
4031,14,1,2,0,0,17,0.8235294117647058
4032,13,1,2,1,0,17,0.7647058823529411
4033,15,1,2,0,0,18,0.8333333333333334
4034,15,1,2,0,0,18,0.8333333333333334
4035,15,1,2,0,0,18,0.8333333333333334
4036,13,1,2,0,0,16,0.8125
4037,15,1,2,0,0,18,0.8333333333333334
4038,14,1,2,0,0,17,0.8235294117647058
4039,14,1,2,0,0,17,0.8235294117647058
4040,13,1,2,0,0,16,0.8125
4041,16,1,2,0,0,19,0.8421052631578947
4042,16,1,2,0,0,19,0.8421052631578947
4043,13,1,2,0,0,16,0.8125
4044,11,1,2,0,0,14,0.7857142857142857
4045,13,1,2,0,0,16,0.8125
4046,13,1,1,0,0,15,0.8666666666666667
4047,15,1,2,0,0,18,0.8333333333333334
4048,15,1,1,1,0,18,0.8333333333333334
4049,13,1,2,0,0,16,0.8125
4050,16,1,1,0,0,18,0.8888888888888888
4051,13,1,2,1,0,17,0.7647058823529411
4052,13,1,1,1,0,16,0.8125
4053,14,1,2,1,0,18,0.7777777777777778
4054,14,1,2,1,0,18,0.7777777777777778
4055,17,1,1,0,0,19,0.8947368421052632
4056,13,1,1,0,0,15,0.8666666666666667
4057,15,1,2,1,0,19,0.7894736842105263
4058,14,1,2,0,0,17,0.8235294117647058
4059,16,1,2,0,0,19,0.8421052631578947
4060,16,1,2,0,0,19,0.8421052631578947
4061,13,1,1,0,0,15,0.8666666666666667
4062,15,1,1,0,0,17,0.8823529411764706
4063,13,1,1,0,0,15,0.8666666666666667
4064,14,1,1,0,0,16,0.875
4065,13,1,2,0,0,16,0.8125
4066,14,1,1,0,0,16,0.875
4067,15,1,2,0,0,18,0.8333333333333334
4068,15,1,1,0,0,17,0.8823529411764706
4069,13,1,1,0,0,15,0.8666666666666667
4070,15,1,1,0,0,17,0.8823529411764706
4071,16,1,2,0,0,19,0.8421052631578947
4072,12,1,2,0,0,15,0.8
4073,13,1,2,0,0,16,0.8125
4074,15,1,1,0,0,17,0.8823529411764706
4075,15,1,2,0,0,18,0.8333333333333334
4076,14,1,2,0,0,17,0.8235294117647058
4077,17,1,2,0,0,20,0.85
4078,15,1,2,0,0,18,0.8333333333333334
4079,15,1,2,0,0,18,0.8333333333333334
4080,15,1,2,0,0,18,0.8333333333333334
4081,14,1,2,0,0,17,0.8235294117647058
4082,16,1,2,0,0,19,0.8421052631578947
4083,15,1,1,0,0,17,0.8823529411764706
4084,14,1,1,0,0,16,0.875
4085,16,1,1,0,0,18,0.8888888888888888
4086,16,1,2,0,0,19,0.8421052631578947
4087,16,1,2,0,0,19,0.8421052631578947
4088,15,1,2,0,0,18,0.8333333333333334
4089,15,1,2,1,0,19,0.7894736842105263
4090,15,1,2,1,0,19,0.7894736842105263
4091,17,1,2,1,0,21,0.8095238095238095
4092,12,1,2,0,0,15,0.8
4093,14,1,2,0,0,17,0.8235294117647058
4094,16,1,1,0,0,18,0.8888888888888888
4095,15,1,2,0,0,18,0.8333333333333334
4096,16,1,2,0,0,19,0.8421052631578947
4097,13,1,1,0,0,15,0.8666666666666667
4098,16,1,2,0,0,19,0.8421052631578947
4099,15,1,2,0,0,18,0.8333333333333334
4100,14,1,1,0,0,16,0.875
4101,15,1,2,0,0,18,0.8333333333333334
4102,15,1,2,0,0,18,0.8333333333333334
4103,15,1,2,0,0,18,0.8333333333333334
4104,15,1,2,0,0,18,0.8333333333333334
4105,15,1,2,0,0,18,0.8333333333333334
4106,14,1,2,0,0,17,0.8235294117647058
4107,16,1,2,0,0,19,0.8421052631578947
4108,15,1,2,0,0,18,0.8333333333333334
4109,16,1,2,0,0,19,0.8421052631578947
4110,14,1,2,0,0,17,0.8235294117647058
4111,14,1,1,0,0,16,0.875
4112,14,1,2,0,0,17,0.8235294117647058
4113,17,1,2,0,0,20,0.85
4114,15,1,2,0,0,18,0.8333333333333334
4115,16,1,1,0,0,18,0.8888888888888888
4116,15,1,2,0,0,18,0.8333333333333334
4117,14,1,1,0,0,16,0.875
4118,15,1,2,0,0,18,0.8333333333333334
4119,15,1,1,0,0,17,0.8823529411764706
4120,15,1,2,0,0,18,0.8333333333333334
4121,14,1,2,0,0,17,0.8235294117647058
4122,12,1,1,0,0,14,0.8571428571428571
4123,15,1,2,0,0,18,0.8333333333333334
4124,14,1,2,0,0,17,0.8235294117647058
4125,15,1,2,0,0,18,0.8333333333333334
4126,13,1,2,0,0,16,0.8125
4127,15,1,2,0,0,18,0.8333333333333334
4128,15,1,2,0,0,18,0.8333333333333334
4129,13,1,1,0,0,15,0.8666666666666667
4130,14,1,2,0,0,17,0.8235294117647058
4131,15,1,2,0,0,18,0.8333333333333334
4132,16,1,2,0,0,19,0.8421052631578947
4133,16,1,2,0,0,19,0.8421052631578947
4134,14,1,2,0,0,17,0.8235294117647058
4135,12,1,2,0,0,15,0.8
4136,15,1,2,0,0,18,0.8333333333333334
4137,14,1,2,0,0,17,0.8235294117647058
4138,15,1,2,0,0,18,0.8333333333333334
4139,12,1,2,0,0,15,0.8
4140,16,1,2,0,0,19,0.8421052631578947
4141,16,1,2,0,0,19,0.8421052631578947
4142,14,1,2,0,0,17,0.8235294117647058
4143,15,1,2,0,0,18,0.8333333333333334
4144,14,1,2,0,0,17,0.8235294117647058
4145,14,1,2,0,0,17,0.8235294117647058
4146,15,1,2,0,0,18,0.8333333333333334
4147,15,1,2,0,0,18,0.8333333333333334
4148,15,1,2,0,0,18,0.8333333333333334
4149,14,1,2,0,0,17,0.8235294117647058
4150,15,1,2,0,0,18,0.8333333333333334
4151,15,1,2,0,0,18,0.8333333333333334
4152,16,1,2,0,0,19,0.8421052631578947
4153,13,1,2,0,0,16,0.8125
4154,15,1,2,0,0,18,0.8333333333333334
4155,15,1,2,0,0,18,0.8333333333333334
4156,15,1,2,0,0,18,0.8333333333333334
4157,16,1,2,0,0,19,0.8421052631578947
4158,16,1,2,0,0,19,0.8421052631578947
4159,14,1,2,0,0,17,0.8235294117647058
4160,15,1,2,0,0,18,0.8333333333333334
4161,16,1,2,0,0,19,0.8421052631578947
4162,16,1,2,0,0,19,0.8421052631578947
4163,13,1,2,0,0,16,0.8125
4164,15,1,2,0,0,18,0.8333333333333334
4165,14,1,1,0,0,16,0.875
4166,15,1,1,0,0,17,0.8823529411764706
4167,14,1,2,0,0,17,0.8235294117647058
4168,15,1,2,1,0,19,0.7894736842105263
4169,16,1,2,0,0,19,0.8421052631578947
4170,15,1,2,0,0,18,0.8333333333333334
4171,16,1,2,0,0,19,0.8421052631578947
4172,14,1,2,1,0,18,0.7777777777777778
4173,11,0,3,1,0,15,0.7333333333333333
4174,13,1,2,0,0,16,0.8125
4175,15,1,2,1,0,19,0.7894736842105263
4176,15,1,2,1,0,19,0.7894736842105263
4177,14,1,2,1,0,18,0.7777777777777778
4178,15,1,2,1,0,19,0.7894736842105263
4179,16,1,2,1,0,20,0.8
4180,15,1,2,1,0,19,0.7894736842105263
4181,16,1,2,1,0,20,0.8
4182,15,1,2,1,0,19,0.7894736842105263
4183,16,1,2,1,0,20,0.8
4184,15,1,2,0,0,18,0.8333333333333334
4185,17,1,2,1,0,21,0.8095238095238095
4186,15,1,2,1,0,19,0.7894736842105263
4187,16,1,2,1,0,20,0.8
4188,15,1,2,0,0,18,0.8333333333333334
4189,14,1,2,1,0,18,0.7777777777777778
4190,15,1,2,1,0,19,0.7894736842105263
4191,14,1,2,0,0,17,0.8235294117647058
4192,16,1,2,0,0,19,0.8421052631578947
4193,13,1,2,1,0,17,0.7647058823529411
4194,15,1,2,0,0,18,0.8333333333333334
4195,15,1,2,0,0,18,0.8333333333333334
4196,14,1,1,1,0,17,0.8235294117647058
4197,14,1,2,1,0,18,0.7777777777777778
4198,17,1,2,0,0,20,0.85
4199,14,1,1,1,0,17,0.8235294117647058
4200,15,1,2,0,0,18,0.8333333333333334
4201,15,1,2,0,0,18,0.8333333333333334
4202,15,1,2,1,0,19,0.7894736842105263
4203,16,1,2,1,0,20,0.8
4204,13,1,2,1,0,17,0.7647058823529411
4205,14,1,2,0,0,17,0.8235294117647058
4206,14,1,2,1,0,18,0.7777777777777778
4207,15,1,2,1,0,19,0.7894736842105263
4208,16,1,2,1,0,20,0.8
4209,14,1,2,1,0,18,0.7777777777777778
4210,15,1,2,1,0,19,0.7894736842105263
4211,14,1,2,1,0,18,0.7777777777777778
4212,14,1,1,1,0,17,0.8235294117647058
4213,15,1,2,1,0,19,0.7894736842105263
4214,15,1,2,0,0,18,0.8333333333333334
4215,14,1,1,0,0,16,0.875
4216,13,1,1,1,0,16,0.8125
4217,15,1,2,1,0,19,0.7894736842105263
4218,16,1,2,1,0,20,0.8
4219,14,1,2,0,0,17,0.8235294117647058
4220,14,1,2,0,0,17,0.8235294117647058
4221,16,1,1,0,0,18,0.8888888888888888
4222,15,1,2,0,0,18,0.8333333333333334
4223,15,1,2,1,0,19,0.7894736842105263
4224,15,1,1,0,0,17,0.8823529411764706
4225,13,2,1,0,0,16,0.8125
4226,15,1,1,0,0,17,0.8823529411764706
4227,16,1,1,1,0,19,0.8421052631578947
4228,16,1,2,0,0,19,0.8421052631578947
4229,16,1,2,0,0,19,0.8421052631578947
4230,14,1,2,1,0,18,0.7777777777777778
4231,14,1,2,1,0,18,0.7777777777777778
4232,16,1,2,0,0,19,0.8421052631578947
4233,15,1,2,1,0,19,0.7894736842105263
4234,15,1,2,0,0,18,0.8333333333333334
4235,15,1,2,1,0,19,0.7894736842105263
4236,15,1,2,0,0,18,0.8333333333333334
4237,16,1,1,1,0,19,0.8421052631578947
4238,16,1,1,1,0,19,0.8421052631578947
4239,14,1,1,0,0,16,0.875
4240,14,1,1,0,0,16,0.875
4241,15,1,2,0,0,18,0.8333333333333334
4242,15,1,2,0,0,18,0.8333333333333334
4243,16,1,2,1,0,20,0.8
4244,15,1,2,0,0,18,0.8333333333333334
4245,15,1,2,0,0,18,0.8333333333333334
4246,16,1,2,0,0,19,0.8421052631578947
4247,11,1,2,1,0,15,0.7333333333333333
4248,15,1,2,0,0,18,0.8333333333333334
4249,15,1,2,1,0,19,0.7894736842105263
4250,16,1,2,0,0,19,0.8421052631578947
4251,15,1,2,1,0,19,0.7894736842105263
4252,17,1,2,0,0,20,0.85
4253,14,1,1,0,0,16,0.875
4254,15,1,2,0,0,18,0.8333333333333334
4255,15,1,2,0,0,18,0.8333333333333334
4256,16,1,2,1,0,20,0.8
4257,10,1,3,1,0,15,0.6666666666666666
4258,13,1,3,1,0,18,0.7222222222222222
4259,13,1,3,0,0,17,0.7647058823529411
4260,16,1,2,0,0,19,0.8421052631578947
4261,15,1,2,0,0,18,0.8333333333333334
4262,16,1,2,1,0,20,0.8
4263,15,1,2,1,0,19,0.7894736842105263
4264,15,1,2,1,0,19,0.7894736842105263
4265,15,1,2,0,0,18,0.8333333333333334
4266,13,1,2,0,0,16,0.8125
4267,15,1,2,1,0,19,0.7894736842105263
4268,12,1,2,0,0,15,0.8
4269,14,1,2,1,0,18,0.7777777777777778
4270,11,1,2,1,0,15,0.7333333333333333
4271,15,1,2,0,0,18,0.8333333333333334
4272,13,0,1,1,0,15,0.8666666666666667
4273,13,1,2,0,0,16,0.8125
4274,14,1,1,0,0,16,0.875
4275,13,1,2,0,0,16,0.8125
4276,15,1,2,1,0,19,0.7894736842105263
4277,12,1,2,1,0,16,0.75
4278,16,1,2,0,0,19,0.8421052631578947
4279,12,1,2,1,0,16,0.75
4280,15,1,2,0,0,18,0.8333333333333334
4281,15,1,2,0,0,18,0.8333333333333334
4282,14,1,2,1,0,18,0.7777777777777778
4283,12,1,1,1,0,15,0.8
4284,13,1,2,0,0,16,0.8125
4285,15,1,2,1,0,19,0.7894736842105263
4286,15,1,2,0,0,18,0.8333333333333334
4287,14,1,1,1,0,17,0.8235294117647058
4288,14,1,2,1,0,18,0.7777777777777778
4289,14,1,2,1,0,18,0.7777777777777778
4290,15,1,2,1,0,19,0.7894736842105263
4291,14,1,2,1,0,18,0.7777777777777778
4292,14,1,1,1,0,17,0.8235294117647058
4293,11,0,2,1,0,14,0.7857142857142857
4294,13,1,2,1,0,17,0.7647058823529411
4295,14,1,2,1,0,18,0.7777777777777778
4296,12,0,2,1,0,15,0.8
4297,14,1,2,0,0,17,0.8235294117647058
4298,13,1,2,1,0,17,0.7647058823529411
4299,16,1,2,1,0,20,0.8
4300,11,1,2,1,0,15,0.7333333333333333
4301,16,1,2,0,0,19,0.8421052631578947
4302,15,1,2,0,0,18,0.8333333333333334
4303,15,1,2,1,0,19,0.7894736842105263
4304,13,0,2,1,0,16,0.8125
4305,17,1,2,0,0,20,0.85
4306,14,1,2,1,0,18,0.7777777777777778
4307,14,1,2,0,0,17,0.8235294117647058
4308,15,0,2,1,0,18,0.8333333333333334
4309,14,1,2,1,0,18,0.7777777777777778
4310,16,1,2,0,0,19,0.8421052631578947
4311,16,1,2,0,0,19,0.8421052631578947
4312,16,0,2,1,0,19,0.8421052631578947
4313,16,1,2,1,0,20,0.8
4314,12,1,2,1,0,16,0.75
4315,17,1,2,1,0,21,0.8095238095238095
4316,15,1,2,1,0,19,0.7894736842105263
4317,14,1,2,0,0,17,0.8235294117647058
4318,12,1,2,0,0,15,0.8
4319,13,1,2,0,0,16,0.8125
4320,12,1,2,0,0,15,0.8
4321,14,1,2,1,0,18,0.7777777777777778
4322,14,1,2,1,0,18,0.7777777777777778
4323,12,1,2,0,0,15,0.8
4324,14,1,2,0,0,17,0.8235294117647058
4325,15,1,2,1,0,19,0.7894736842105263
4326,15,1,2,0,0,18,0.8333333333333334
4327,11,1,2,0,0,14,0.7857142857142857
4328,15,1,2,1,0,19,0.7894736842105263
4329,16,1,2,1,0,20,0.8
4330,14,1,2,1,0,18,0.7777777777777778
4331,14,1,2,1,0,18,0.7777777777777778
4332,15,1,2,1,0,19,0.7894736842105263
4333,15,1,2,1,0,19,0.7894736842105263
4334,15,1,2,1,0,19,0.7894736842105263
4335,13,1,3,1,0,18,0.7222222222222222
4336,15,0,1,1,0,17,0.8823529411764706
4337,14,1,2,0,0,17,0.8235294117647058
4338,13,1,3,0,0,17,0.7647058823529411
4339,14,1,2,1,0,18,0.7777777777777778
4340,11,1,3,0,0,15,0.7333333333333333
4341,15,1,1,1,0,18,0.8333333333333334
4342,15,1,1,0,0,17,0.8823529411764706
4343,15,1,3,0,0,19,0.7894736842105263
4344,12,1,3,1,0,17,0.7058823529411765
4345,15,1,3,0,0,19,0.7894736842105263
4346,14,1,3,1,0,19,0.7368421052631579
4347,15,1,2,0,0,18,0.8333333333333334
4348,15,1,3,1,0,20,0.75
4349,14,1,3,0,0,18,0.7777777777777778
4350,16,1,3,0,0,20,0.8
4351,15,1,1,1,0,18,0.8333333333333334
4352,13,1,1,1,0,16,0.8125
4353,14,1,1,0,0,16,0.875
4354,15,1,1,0,0,17,0.8823529411764706
4355,17,1,2,1,0,21,0.8095238095238095
4356,16,1,2,0,0,19,0.8421052631578947
4357,16,1,2,0,0,19,0.8421052631578947
4358,15,1,2,0,0,18,0.8333333333333334
4359,14,1,2,0,0,17,0.8235294117647058
4360,16,1,2,0,0,19,0.8421052631578947
4361,14,1,2,0,0,17,0.8235294117647058
4362,15,1,2,0,0,18,0.8333333333333334
4363,14,1,2,0,0,17,0.8235294117647058
4364,14,1,2,1,0,18,0.7777777777777778
4365,16,0,2,1,0,19,0.8421052631578947
4366,16,1,2,1,0,20,0.8
4367,16,1,2,1,0,20,0.8
4368,12,1,2,1,0,16,0.75
4369,15,1,2,1,0,19,0.7894736842105263
4370,15,1,2,0,0,18,0.8333333333333334
4371,14,1,2,0,0,17,0.8235294117647058
4372,14,1,2,0,0,17,0.8235294117647058
4373,15,1,2,0,0,18,0.8333333333333334
4374,14,1,2,0,0,17,0.8235294117647058
4375,13,1,2,0,0,16,0.8125
4376,14,0,2,1,0,17,0.8235294117647058
4377,15,1,2,0,0,18,0.8333333333333334
4378,17,1,2,1,0,21,0.8095238095238095
4379,16,1,2,0,0,19,0.8421052631578947
4380,16,1,2,1,0,20,0.8
4381,16,1,2,1,0,20,0.8
4382,15,1,2,1,0,19,0.7894736842105263
4383,17,1,2,1,0,21,0.8095238095238095
4384,16,1,2,1,0,20,0.8
4385,13,1,2,1,0,17,0.7647058823529411
4386,15,1,2,1,0,19,0.7894736842105263
4387,16,1,2,1,0,20,0.8
4388,15,1,2,1,0,19,0.7894736842105263
4389,16,1,2,1,0,20,0.8
4390,15,1,2,0,0,18,0.8333333333333334
4391,15,1,2,1,0,19,0.7894736842105263
4392,15,1,2,0,0,18,0.8333333333333334
4393,15,1,2,0,0,18,0.8333333333333334
4394,14,1,2,0,0,17,0.8235294117647058
4395,16,1,2,1,0,20,0.8
4396,16,1,2,1,0,20,0.8
4397,15,1,2,0,0,18,0.8333333333333334
4398,13,1,2,0,0,16,0.8125
4399,14,1,2,1,0,18,0.7777777777777778
4400,16,1,2,0,0,19,0.8421052631578947
4401,16,1,2,1,0,20,0.8
4402,16,1,2,0,0,19,0.8421052631578947
4403,16,1,2,0,0,19,0.8421052631578947
4404,14,0,2,1,0,17,0.8235294117647058
4405,13,1,2,1,0,17,0.7647058823529411
4406,17,1,2,0,0,20,0.85
4407,15,1,2,1,0,19,0.7894736842105263
4408,14,1,2,0,0,17,0.8235294117647058
4409,14,1,2,1,0,18,0.7777777777777778
4410,16,1,2,0,0,19,0.8421052631578947
4411,14,1,2,0,0,17,0.8235294117647058
4412,16,1,2,1,0,20,0.8
4413,15,1,2,0,0,18,0.8333333333333334
4414,16,1,2,0,0,19,0.8421052631578947
4415,13,1,2,0,0,16,0.8125
4416,16,1,2,0,0,19,0.8421052631578947
4417,15,1,2,0,0,18,0.8333333333333334
4418,14,1,2,1,0,18,0.7777777777777778
4419,15,1,2,0,0,18,0.8333333333333334
4420,14,1,2,1,0,18,0.7777777777777778
4421,16,1,2,0,0,19,0.8421052631578947
4422,13,1,2,1,0,17,0.7647058823529411
4423,14,0,2,1,0,17,0.8235294117647058
4424,13,0,2,1,0,16,0.8125
4425,14,1,2,1,0,18,0.7777777777777778
4426,13,0,2,1,0,16,0.8125
4427,14,1,2,0,0,17,0.8235294117647058
4428,13,0,2,1,0,16,0.8125
4429,16,1,2,0,0,19,0.8421052631578947
4430,15,1,2,0,0,18,0.8333333333333334
4431,15,1,2,0,0,18,0.8333333333333334
4432,15,1,2,1,0,19,0.7894736842105263
4433,13,1,2,1,0,17,0.7647058823529411
4434,16,1,2,0,0,19,0.8421052631578947
4435,15,1,2,0,0,18,0.8333333333333334
4436,15,1,2,0,0,18,0.8333333333333334
4437,15,1,2,1,0,19,0.7894736842105263
4438,17,1,2,0,0,20,0.85
4439,15,1,2,0,0,18,0.8333333333333334
4440,15,1,2,1,0,19,0.7894736842105263
4441,16,1,2,0,0,19,0.8421052631578947
4442,14,1,2,0,0,17,0.8235294117647058
4443,14,1,2,0,0,17,0.8235294117647058
4444,14,1,2,1,0,18,0.7777777777777778
4445,14,1,2,1,0,18,0.7777777777777778
4446,15,1,2,0,0,18,0.8333333333333334
4447,16,1,2,1,0,20,0.8
4448,17,1,2,0,0,20,0.85
4449,16,1,2,0,0,19,0.8421052631578947
4450,15,1,2,0,0,18,0.8333333333333334
4451,16,1,2,1,0,20,0.8
4452,16,1,2,1,0,20,0.8
4453,16,1,2,1,0,20,0.8
4454,16,1,2,1,0,20,0.8
4455,15,1,2,0,0,18,0.8333333333333334
4456,15,1,2,0,0,18,0.8333333333333334
4457,17,1,2,1,0,21,0.8095238095238095
4458,16,1,2,1,0,20,0.8
4459,16,1,2,0,0,19,0.8421052631578947
4460,14,0,2,1,0,17,0.8235294117647058
4461,13,0,2,0,0,15,0.8666666666666667
4462,13,1,2,0,0,16,0.8125
4463,16,1,2,0,0,19,0.8421052631578947
4464,15,1,2,0,0,18,0.8333333333333334
4465,15,1,2,0,0,18,0.8333333333333334
4466,16,1,2,1,0,20,0.8
4467,14,1,2,1,0,18,0.7777777777777778
4468,16,1,2,1,0,20,0.8
4469,16,1,2,1,0,20,0.8
4470,14,1,2,0,0,17,0.8235294117647058
4471,16,1,2,0,0,19,0.8421052631578947
4472,17,1,2,1,0,21,0.8095238095238095
4473,16,1,2,0,0,19,0.8421052631578947
4474,15,1,2,0,0,18,0.8333333333333334
4475,16,1,2,0,0,19,0.8421052631578947
4476,15,1,2,1,0,19,0.7894736842105263
4477,16,0,2,1,0,19,0.8421052631578947
4478,13,1,2,0,0,16,0.8125
4479,16,1,2,0,0,19,0.8421052631578947
4480,14,0,2,1,0,17,0.8235294117647058
4481,15,1,2,1,0,19,0.7894736842105263
4482,16,1,2,0,0,19,0.8421052631578947
4483,15,1,2,1,0,19,0.7894736842105263
4484,17,1,2,1,0,21,0.8095238095238095
4485,14,1,2,1,0,18,0.7777777777777778
4486,16,0,2,1,0,19,0.8421052631578947
4487,15,1,2,0,0,18,0.8333333333333334
4488,17,1,2,1,0,21,0.8095238095238095
4489,16,1,2,1,0,20,0.8
4490,14,1,2,1,0,18,0.7777777777777778
4491,14,1,2,0,0,17,0.8235294117647058
4492,16,1,2,1,0,20,0.8
4493,15,1,2,1,0,19,0.7894736842105263
4494,13,0,3,0,0,16,0.8125
4495,16,1,2,1,0,20,0.8
4496,13,0,2,0,0,15,0.8666666666666667
4497,13,0,2,0,0,15,0.8666666666666667
4498,12,1,1,1,0,15,0.8
4499,17,1,1,0,0,19,0.8947368421052632
4500,15,1,2,0,0,18,0.8333333333333334
4501,13,1,1,0,0,15,0.8666666666666667
4502,14,1,3,1,0,19,0.7368421052631579
4503,14,1,2,0,0,17,0.8235294117647058
4504,15,0,2,0,0,17,0.8823529411764706
4505,16,1,2,0,0,19,0.8421052631578947
4506,13,0,2,0,0,15,0.8666666666666667
4507,16,0,2,1,0,19,0.8421052631578947
4508,15,1,2,1,0,19,0.7894736842105263
4509,15,1,2,0,0,18,0.8333333333333334
4510,14,1,2,1,0,18,0.7777777777777778
4511,15,1,2,1,0,19,0.7894736842105263
4512,13,1,2,0,0,16,0.8125
4513,14,1,2,0,0,17,0.8235294117647058
4514,12,1,2,0,0,15,0.8
4515,12,0,2,0,0,14,0.8571428571428571
4516,16,1,2,1,0,20,0.8
4517,14,1,1,0,0,16,0.875
4518,13,1,1,0,0,15,0.8666666666666667
4519,14,1,1,1,0,17,0.8235294117647058
4520,16,1,1,0,0,18,0.8888888888888888
4521,16,1,1,0,0,18,0.8888888888888888
4522,14,1,2,0,0,17,0.8235294117647058
4523,13,0,3,0,0,16,0.8125
4524,11,1,2,0,0,14,0.7857142857142857
4525,11,1,3,0,0,15,0.7333333333333333
4526,14,1,1,1,0,17,0.8235294117647058
4527,16,1,1,1,0,19,0.8421052631578947
4528,14,1,2,0,0,17,0.8235294117647058
4529,16,1,2,1,0,20,0.8
4530,14,1,2,1,0,18,0.7777777777777778
4531,16,1,2,0,0,19,0.8421052631578947
4532,16,1,2,0,0,19,0.8421052631578947
4533,13,1,2,1,0,17,0.7647058823529411
4534,16,1,1,1,0,19,0.8421052631578947
4535,15,1,2,0,0,18,0.8333333333333334
4536,16,1,2,0,0,19,0.8421052631578947
4537,16,1,2,1,0,20,0.8
4538,14,1,2,0,0,17,0.8235294117647058
4539,15,1,2,0,0,18,0.8333333333333334
4540,14,1,2,1,0,18,0.7777777777777778
4541,14,1,2,1,0,18,0.7777777777777778
4542,14,1,2,1,0,18,0.7777777777777778
4543,15,1,2,1,0,19,0.7894736842105263
4544,15,1,2,0,0,18,0.8333333333333334
4545,15,1,2,1,0,19,0.7894736842105263
4546,15,1,2,0,0,18,0.8333333333333334
4547,13,1,2,1,0,17,0.7647058823529411
4548,14,1,2,0,0,17,0.8235294117647058
4549,14,1,2,0,0,17,0.8235294117647058
4550,15,1,2,1,0,19,0.7894736842105263
4551,15,1,2,0,0,18,0.8333333333333334
4552,14,1,2,0,0,17,0.8235294117647058
4553,17,1,2,1,0,21,0.8095238095238095
4554,14,1,2,1,0,18,0.7777777777777778
4555,15,1,2,0,0,18,0.8333333333333334
4556,15,1,2,0,0,18,0.8333333333333334
4557,15,1,2,1,0,19,0.7894736842105263
4558,16,1,2,0,0,19,0.8421052631578947
4559,13,1,2,1,0,17,0.7647058823529411
4560,15,1,2,1,0,19,0.7894736842105263
4561,16,1,2,1,0,20,0.8
4562,14,1,2,0,0,17,0.8235294117647058
4563,13,1,2,1,0,17,0.7647058823529411
4564,14,1,2,0,0,17,0.8235294117647058
4565,14,1,2,0,0,17,0.8235294117647058
4566,14,1,2,0,0,17,0.8235294117647058
4567,16,1,2,0,0,19,0.8421052631578947
4568,13,1,2,0,0,16,0.8125
4569,15,1,2,0,0,18,0.8333333333333334
4570,15,1,2,0,0,18,0.8333333333333334
4571,15,1,2,0,0,18,0.8333333333333334
4572,16,1,2,0,0,19,0.8421052631578947
4573,15,1,2,0,0,18,0.8333333333333334
4574,16,1,2,0,0,19,0.8421052631578947
4575,15,1,2,1,0,19,0.7894736842105263
4576,12,1,2,0,0,15,0.8
4577,14,1,2,0,0,17,0.8235294117647058
4578,12,1,2,0,0,15,0.8
4579,13,1,2,1,0,17,0.7647058823529411
4580,13,1,2,1,0,17,0.7647058823529411
4581,13,1,2,1,0,17,0.7647058823529411
4582,15,1,2,1,0,19,0.7894736842105263
4583,16,1,2,0,0,19,0.8421052631578947
4584,12,1,2,0,0,15,0.8
4585,14,1,2,0,0,17,0.8235294117647058
4586,13,1,2,1,0,17,0.7647058823529411
4587,13,1,2,1,0,17,0.7647058823529411
4588,13,1,2,1,0,17,0.7647058823529411
4589,14,1,2,1,0,18,0.7777777777777778
4590,14,1,2,1,0,18,0.7777777777777778
4591,12,0,2,0,0,14,0.8571428571428571
4592,14,1,2,0,0,17,0.8235294117647058
4593,14,1,2,1,0,18,0.7777777777777778
4594,15,1,2,0,0,18,0.8333333333333334
4595,16,1,2,1,0,20,0.8
4596,13,1,2,0,0,16,0.8125
4597,13,1,2,0,0,16,0.8125
4598,12,1,1,1,0,15,0.8
4599,13,1,1,1,0,16,0.8125
4600,14,1,1,1,0,17,0.8235294117647058
4601,13,1,1,1,0,16,0.8125
4602,13,1,1,0,0,15,0.8666666666666667
4603,13,1,1,1,0,16,0.8125
4604,12,1,1,1,0,15,0.8
4605,13,1,2,1,0,17,0.7647058823529411
4606,14,1,1,1,0,17,0.8235294117647058
4607,13,1,1,0,0,15,0.8666666666666667
4608,16,1,1,1,0,19,0.8421052631578947
4609,12,1,2,0,0,15,0.8
4610,13,1,1,0,0,15,0.8666666666666667
4611,13,1,1,0,0,15,0.8666666666666667
4612,11,1,1,1,0,14,0.7857142857142857
4613,12,1,1,0,0,14,0.8571428571428571
4614,14,1,1,0,0,16,0.875
4615,13,1,1,0,0,15,0.8666666666666667
4616,13,1,1,1,0,16,0.8125
4617,13,1,1,1,0,16,0.8125
4618,14,1,1,1,0,17,0.8235294117647058
4619,15,1,2,1,0,19,0.7894736842105263
4620,13,1,3,0,0,17,0.7647058823529411
4621,13,1,2,0,0,16,0.8125
4622,14,1,1,0,0,16,0.875
4623,14,1,1,0,0,16,0.875
4624,13,1,2,1,0,17,0.7647058823529411
4625,11,1,2,1,0,15,0.7333333333333333
4626,14,1,2,1,0,18,0.7777777777777778
4627,13,1,2,1,0,17,0.7647058823529411
4628,15,1,2,0,0,18,0.8333333333333334
4629,15,1,2,0,0,18,0.8333333333333334
4630,13,0,2,0,0,15,0.8666666666666667
4631,15,1,2,0,0,18,0.8333333333333334
4632,15,1,2,0,0,18,0.8333333333333334
4633,14,1,2,1,0,18,0.7777777777777778
4634,11,1,2,1,0,15,0.7333333333333333
4635,13,1,2,1,0,17,0.7647058823529411
4636,13,1,2,1,0,17,0.7647058823529411
4637,15,0,2,0,0,17,0.8823529411764706
4638,15,1,2,0,0,18,0.8333333333333334
4639,14,1,2,1,0,18,0.7777777777777778
4640,15,1,2,1,0,19,0.7894736842105263
4641,14,1,2,0,0,17,0.8235294117647058
4642,13,1,2,0,0,16,0.8125
4643,13,1,2,1,0,17,0.7647058823529411
4644,12,1,2,0,0,15,0.8
4645,14,1,2,0,0,17,0.8235294117647058
4646,16,0,2,1,0,19,0.8421052631578947
4647,13,1,2,1,0,17,0.7647058823529411
4648,13,1,2,0,0,16,0.8125
4649,14,1,2,1,0,18,0.7777777777777778
4650,15,1,2,1,0,19,0.7894736842105263
4651,10,1,3,1,0,15,0.6666666666666666
4652,12,1,3,0,0,16,0.75
4653,12,1,3,0,0,16,0.75
4654,13,0,2,0,0,15,0.8666666666666667
4655,12,1,4,0,0,17,0.7058823529411765
4656,16,1,2,1,0,20,0.8
4657,14,1,2,0,0,17,0.8235294117647058
4658,14,0,2,1,0,17,0.8235294117647058
4659,13,1,2,1,0,17,0.7647058823529411
4660,13,1,2,0,0,16,0.8125
4661,15,1,2,0,0,18,0.8333333333333334
4662,11,1,3,0,0,15,0.7333333333333333
4663,12,1,2,0,0,15,0.8
4664,14,1,2,0,0,17,0.8235294117647058
4665,13,1,2,0,0,16,0.8125
4666,12,1,2,0,0,15,0.8
4667,13,0,2,0,0,15,0.8666666666666667
4668,12,0,2,0,0,14,0.8571428571428571
4669,12,0,2,0,0,14,0.8571428571428571
4670,15,0,2,0,0,17,0.8823529411764706
4671,14,0,2,0,0,16,0.875
4672,14,0,3,0,0,17,0.8235294117647058
4673,14,1,3,0,0,18,0.7777777777777778
4674,15,1,2,0,0,18,0.8333333333333334
4675,12,1,2,0,0,15,0.8
4676,14,1,2,0,0,17,0.8235294117647058
4677,16,1,2,0,0,19,0.8421052631578947
4678,13,1,2,0,0,16,0.8125
4679,16,1,2,0,0,19,0.8421052631578947
4680,13,0,1,0,0,14,0.9285714285714286
4681,12,0,2,0,0,14,0.8571428571428571
4682,13,1,3,0,0,17,0.7647058823529411
4683,14,1,3,0,0,18,0.7777777777777778
4684,15,0,3,0,0,18,0.8333333333333334
4685,12,1,3,0,0,16,0.75
4686,11,1,3,0,0,15,0.7333333333333333
4687,12,0,3,0,0,15,0.8
4688,16,1,3,0,0,20,0.8
4689,14,1,2,0,0,17,0.8235294117647058
4690,14,1,3,0,0,18,0.7777777777777778
4691,14,1,2,0,0,17,0.8235294117647058
4692,15,1,2,0,0,18,0.8333333333333334
4693,13,1,3,0,0,17,0.7647058823529411
4694,13,1,3,0,0,17,0.7647058823529411
4695,13,0,3,0,0,16,0.8125
4696,14,0,3,0,0,17,0.8235294117647058
4697,13,1,3,0,0,17,0.7647058823529411
4698,13,1,3,0,0,17,0.7647058823529411
4699,13,0,3,0,0,16,0.8125
4700,14,1,3,0,0,18,0.7777777777777778
4701,12,0,3,0,0,15,0.8
4702,12,1,3,0,0,16,0.75
4703,15,1,3,0,0,19,0.7894736842105263
4704,12,0,3,0,0,15,0.8
4705,12,0,3,0,0,15,0.8
4706,12,1,3,0,0,16,0.75
4707,14,1,2,1,0,18,0.7777777777777778
4708,15,1,2,0,0,18,0.8333333333333334
4709,14,0,3,1,0,18,0.7777777777777778
4710,13,1,2,0,0,16,0.8125
4711,15,1,2,0,0,18,0.8333333333333334
4712,15,1,2,1,0,19,0.7894736842105263
4713,16,1,2,0,0,19,0.8421052631578947
4714,15,0,2,1,0,18,0.8333333333333334
4715,15,1,2,1,0,19,0.7894736842105263
4716,16,1,2,1,0,20,0.8
4717,14,1,2,1,0,18,0.7777777777777778
4718,14,1,2,1,0,18,0.7777777777777778
4719,14,1,2,0,0,17,0.8235294117647058
4720,16,1,2,1,0,20,0.8
4721,15,1,2,1,0,19,0.7894736842105263
4722,14,1,2,1,0,18,0.7777777777777778
4723,15,1,2,0,0,18,0.8333333333333334
4724,14,0,2,1,0,17,0.8235294117647058
4725,14,1,2,0,0,17,0.8235294117647058
4726,15,1,2,1,0,19,0.7894736842105263
4727,14,1,2,1,0,18,0.7777777777777778
4728,16,1,2,1,0,20,0.8
4729,14,1,2,1,0,18,0.7777777777777778
4730,12,1,2,1,0,16,0.75
4731,14,1,2,1,0,18,0.7777777777777778
4732,14,1,2,0,0,17,0.8235294117647058
4733,15,1,2,1,0,19,0.7894736842105263
4734,15,1,2,0,0,18,0.8333333333333334
4735,14,1,3,0,0,18,0.7777777777777778
4736,14,1,2,0,0,17,0.8235294117647058
4737,15,1,2,0,0,18,0.8333333333333334
4738,13,1,2,0,0,16,0.8125
4739,16,1,2,0,0,19,0.8421052631578947
4740,15,1,2,0,0,18,0.8333333333333334
4741,14,1,2,0,0,17,0.8235294117647058
4742,13,1,2,0,0,16,0.8125
4743,14,0,2,0,0,16,0.875
4744,14,0,2,0,0,16,0.875
4745,14,1,2,0,0,17,0.8235294117647058
4746,15,1,2,0,0,18,0.8333333333333334
4747,14,1,2,0,0,17,0.8235294117647058
4748,13,1,2,0,0,16,0.8125
4749,14,1,2,0,0,17,0.8235294117647058
4750,16,1,3,0,0,20,0.8
4751,12,1,3,0,0,16,0.75
4752,13,1,4,0,0,18,0.7222222222222222
4753,15,1,2,0,0,18,0.8333333333333334
4754,14,1,3,0,0,18,0.7777777777777778
4755,13,1,3,0,0,17,0.7647058823529411
4756,15,1,3,0,0,19,0.7894736842105263
4757,14,1,3,0,0,18,0.7777777777777778
4758,13,1,2,0,0,16,0.8125
4759,13,1,2,0,0,16,0.8125
4760,14,1,2,0,0,17,0.8235294117647058
4761,15,1,2,0,0,18,0.8333333333333334
4762,15,1,2,0,0,18,0.8333333333333334
4763,13,1,3,0,0,17,0.7647058823529411
4764,13,0,2,0,0,15,0.8666666666666667
4765,13,0,2,0,0,15,0.8666666666666667
4766,13,1,3,0,0,17,0.7647058823529411
4767,16,1,2,0,0,19,0.8421052631578947
4768,13,1,3,0,0,17,0.7647058823529411
4769,15,1,3,0,0,19,0.7894736842105263
4770,15,1,3,0,0,19,0.7894736842105263
4771,13,0,2,0,0,15,0.8666666666666667
4772,13,1,1,0,0,15,0.8666666666666667
4773,14,1,3,0,0,18,0.7777777777777778
4774,15,1,2,0,0,18,0.8333333333333334
4775,15,1,2,0,0,18,0.8333333333333334
4776,16,1,3,0,0,20,0.8
4777,13,1,3,0,0,17,0.7647058823529411
4778,15,1,3,0,0,19,0.7894736842105263
4779,14,1,3,0,0,18,0.7777777777777778
4780,13,1,3,0,0,17,0.7647058823529411
4781,14,1,3,0,0,18,0.7777777777777778
4782,14,1,3,0,0,18,0.7777777777777778
4783,15,1,2,0,0,18,0.8333333333333334
4784,14,1,3,0,0,18,0.7777777777777778
4785,15,1,2,0,0,18,0.8333333333333334
4786,14,1,2,0,0,17,0.8235294117647058
4787,15,1,3,0,0,19,0.7894736842105263
4788,13,1,3,0,0,17,0.7647058823529411
4789,13,1,3,0,0,17,0.7647058823529411
4790,13,1,4,0,0,18,0.7222222222222222
4791,15,1,3,0,0,19,0.7894736842105263
4792,15,1,3,0,0,19,0.7894736842105263
4793,15,1,3,0,0,19,0.7894736842105263
4794,15,1,3,0,0,19,0.7894736842105263
4795,15,1,3,0,0,19,0.7894736842105263
4796,15,1,3,0,0,19,0.7894736842105263
4797,15,1,3,0,0,19,0.7894736842105263
4798,13,1,3,0,0,17,0.7647058823529411
4799,15,1,3,0,0,19,0.7894736842105263
4800,14,1,3,0,0,18,0.7777777777777778
4801,14,1,1,0,0,16,0.875
4802,11,1,3,0,0,15,0.7333333333333333
4803,15,1,3,0,0,19,0.7894736842105263
4804,14,1,2,0,0,17,0.8235294117647058
4805,15,1,1,0,0,17,0.8823529411764706
4806,15,1,1,0,0,17,0.8823529411764706
4807,14,1,3,0,0,18,0.7777777777777778
4808,15,1,3,0,0,19,0.7894736842105263
4809,15,1,2,0,0,18,0.8333333333333334
4810,15,1,3,0,0,19,0.7894736842105263
4811,12,1,2,0,0,15,0.8
4812,13,1,2,0,0,16,0.8125
4813,16,1,2,0,0,19,0.8421052631578947
4814,14,1,3,0,0,18,0.7777777777777778
4815,15,1,2,0,0,18,0.8333333333333334
4816,15,1,3,0,0,19,0.7894736842105263
4817,11,1,3,0,0,15,0.7333333333333333
4818,14,1,3,0,0,18,0.7777777777777778
4819,14,1,3,0,0,18,0.7777777777777778
4820,14,1,2,0,0,17,0.8235294117647058
4821,13,1,3,0,0,17,0.7647058823529411
4822,14,1,3,0,0,18,0.7777777777777778
4823,15,1,3,0,0,19,0.7894736842105263
4824,12,1,2,0,0,15,0.8
4825,15,1,3,0,0,19,0.7894736842105263
4826,13,1,3,0,0,17,0.7647058823529411
4827,14,1,3,0,0,18,0.7777777777777778
4828,13,1,3,0,0,17,0.7647058823529411
4829,14,1,3,0,0,18,0.7777777777777778
4830,15,1,3,0,0,19,0.7894736842105263
4831,15,1,3,0,0,19,0.7894736842105263
4832,13,1,3,0,0,17,0.7647058823529411
4833,14,1,3,0,0,18,0.7777777777777778
4834,14,1,3,0,0,18,0.7777777777777778
4835,13,1,3,0,0,17,0.7647058823529411
4836,15,1,2,0,0,18,0.8333333333333334
4837,14,1,3,0,0,18,0.7777777777777778
4838,15,1,3,0,0,19,0.7894736842105263
4839,14,1,3,0,0,18,0.7777777777777778
4840,15,1,3,0,0,19,0.7894736842105263
4841,14,1,3,0,0,18,0.7777777777777778
4842,14,1,3,0,0,18,0.7777777777777778
4843,13,1,3,0,0,17,0.7647058823529411
4844,14,1,3,0,0,18,0.7777777777777778
4845,14,1,2,0,0,17,0.8235294117647058
4846,15,1,3,0,0,19,0.7894736842105263
4847,13,1,3,0,0,17,0.7647058823529411
4848,13,1,3,0,0,17,0.7647058823529411
4849,16,1,2,0,0,19,0.8421052631578947
4850,15,1,3,0,0,19,0.7894736842105263
4851,14,1,3,0,0,18,0.7777777777777778
4852,12,1,3,0,0,16,0.75
4853,15,1,3,0,0,19,0.7894736842105263
4854,11,1,3,0,0,15,0.7333333333333333
4855,15,1,3,0,0,19,0.7894736842105263
4856,14,1,3,0,0,18,0.7777777777777778
4857,14,1,3,0,0,18,0.7777777777777778
4858,15,1,2,0,0,18,0.8333333333333334
4859,15,1,3,0,0,19,0.7894736842105263
4860,14,1,3,0,0,18,0.7777777777777778
4861,13,1,3,0,0,17,0.7647058823529411
4862,13,1,3,0,0,17,0.7647058823529411
4863,14,1,3,0,0,18,0.7777777777777778
4864,14,1,3,0,0,18,0.7777777777777778
4865,11,1,3,0,0,15,0.7333333333333333
4866,13,1,3,0,0,17,0.7647058823529411
4867,14,1,3,0,0,18,0.7777777777777778
4868,15,1,2,0,0,18,0.8333333333333334
4869,14,1,2,0,0,17,0.8235294117647058
4870,15,1,2,0,0,18,0.8333333333333334
4871,15,1,3,0,0,19,0.7894736842105263
4872,15,1,3,0,0,19,0.7894736842105263
4873,14,1,3,0,0,18,0.7777777777777778
4874,15,1,3,0,0,19,0.7894736842105263
4875,13,1,3,0,0,17,0.7647058823529411
4876,13,1,2,0,0,16,0.8125
4877,12,1,3,0,0,16,0.75
4878,13,1,3,0,0,17,0.7647058823529411
4879,15,1,3,0,0,19,0.7894736842105263
4880,14,1,3,0,0,18,0.7777777777777778
4881,16,1,3,0,0,20,0.8
4882,14,1,3,0,0,18,0.7777777777777778
4883,14,1,3,0,0,18,0.7777777777777778
4884,12,1,1,0,0,14,0.8571428571428571
4885,15,1,2,0,0,18,0.8333333333333334
4886,13,1,3,0,0,17,0.7647058823529411
4887,13,1,3,0,0,17,0.7647058823529411
4888,13,1,3,0,0,17,0.7647058823529411
4889,14,1,3,0,0,18,0.7777777777777778
4890,12,1,3,0,0,16,0.75
4891,13,1,3,0,0,17,0.7647058823529411
4892,14,1,2,0,0,17,0.8235294117647058
4893,15,1,3,0,0,19,0.7894736842105263
4894,14,1,3,0,0,18,0.7777777777777778
4895,15,1,3,0,0,19,0.7894736842105263
4896,14,1,3,0,0,18,0.7777777777777778
4897,15,1,3,0,0,19,0.7894736842105263
4898,14,1,3,0,0,18,0.7777777777777778
4899,14,1,1,0,0,16,0.875
4900,15,1,3,0,0,19,0.7894736842105263
4901,12,1,2,0,0,15,0.8
4902,14,1,1,0,0,16,0.875
4903,15,1,2,0,0,18,0.8333333333333334
4904,14,1,3,0,0,18,0.7777777777777778
4905,12,1,3,0,0,16,0.75
4906,14,1,1,0,0,16,0.875
4907,14,1,3,0,0,18,0.7777777777777778
4908,13,1,3,0,0,17,0.7647058823529411
4909,15,1,2,0,0,18,0.8333333333333334
4910,14,1,3,0,0,18,0.7777777777777778
4911,15,1,2,0,0,18,0.8333333333333334
4912,13,1,2,0,0,16,0.8125
4913,12,1,1,0,0,14,0.8571428571428571
4914,13,1,2,0,0,16,0.8125
4915,17,1,2,0,0,20,0.85
4916,13,1,1,0,0,15,0.8666666666666667
4917,12,1,1,0,0,14,0.8571428571428571
4918,16,1,1,0,0,18,0.8888888888888888
4919,13,1,2,0,0,16,0.8125
4920,14,1,2,0,0,17,0.8235294117647058
4921,13,1,2,0,0,16,0.8125
4922,12,1,2,0,0,15,0.8
4923,15,1,2,0,0,18,0.8333333333333334
4924,15,1,2,0,0,18,0.8333333333333334
4925,14,1,3,0,0,18,0.7777777777777778
4926,11,1,3,0,0,15,0.7333333333333333
4927,15,1,3,0,0,19,0.7894736842105263
4928,14,1,3,0,0,18,0.7777777777777778
4929,13,1,3,0,0,17,0.7647058823529411
4930,13,1,3,0,0,17,0.7647058823529411
4931,13,1,2,0,0,16,0.8125
4932,15,1,3,0,0,19,0.7894736842105263
4933,14,1,1,0,0,16,0.875
4934,14,1,3,0,0,18,0.7777777777777778
4935,12,1,3,0,0,16,0.75
4936,12,1,3,0,0,16,0.75
4937,14,1,3,0,0,18,0.7777777777777778
4938,12,1,3,0,0,16,0.75
4939,15,1,3,0,0,19,0.7894736842105263
4940,13,1,3,0,0,17,0.7647058823529411
4941,12,1,2,0,0,15,0.8
4942,15,1,3,0,0,19,0.7894736842105263
4943,14,1,3,0,0,18,0.7777777777777778
4944,14,1,3,0,0,18,0.7777777777777778
4945,14,1,3,0,0,18,0.7777777777777778
4946,14,1,2,0,0,17,0.8235294117647058
4947,15,1,3,0,0,19,0.7894736842105263
4948,13,1,1,0,0,15,0.8666666666666667
4949,12,1,2,0,0,15,0.8
4950,14,1,2,0,0,17,0.8235294117647058
4951,14,1,2,0,0,17,0.8235294117647058
4952,16,1,2,0,0,19,0.8421052631578947
4953,15,1,2,0,0,18,0.8333333333333334
4954,16,1,2,0,0,19,0.8421052631578947
4955,15,1,2,0,0,18,0.8333333333333334
4956,16,1,2,0,0,19,0.8421052631578947
4957,15,1,2,0,0,18,0.8333333333333334
4958,13,1,2,0,0,16,0.8125
4959,13,1,2,0,0,16,0.8125
4960,14,1,1,0,0,16,0.875
4961,14,1,3,0,0,18,0.7777777777777778
4962,13,1,1,0,0,15,0.8666666666666667
4963,13,1,1,0,0,15,0.8666666666666667
4964,14,1,2,0,0,17,0.8235294117647058
4965,15,1,2,0,0,18,0.8333333333333334
4966,16,1,2,0,0,19,0.8421052631578947
4967,15,1,2,0,0,18,0.8333333333333334
4968,15,1,2,0,0,18,0.8333333333333334
4969,15,1,2,0,0,18,0.8333333333333334
4970,15,1,2,0,0,18,0.8333333333333334
4971,16,1,2,0,0,19,0.8421052631578947
4972,16,1,1,0,0,18,0.8888888888888888
4973,14,1,2,0,0,17,0.8235294117647058
4974,15,1,2,0,0,18,0.8333333333333334
4975,12,1,2,0,0,15,0.8
4976,15,1,2,0,0,18,0.8333333333333334
4977,14,1,1,0,0,16,0.875
4978,15,1,1,0,0,17,0.8823529411764706
4979,16,1,2,0,0,19,0.8421052631578947
4980,15,1,2,0,0,18,0.8333333333333334
4981,16,1,2,0,0,19,0.8421052631578947
4982,16,1,2,0,0,19,0.8421052631578947
4983,15,1,2,0,0,18,0.8333333333333334
4984,17,1,2,0,0,20,0.85
4985,14,1,2,0,0,17,0.8235294117647058
4986,15,1,2,0,0,18,0.8333333333333334
4987,13,1,2,0,0,16,0.8125
4988,15,1,3,0,0,19,0.7894736842105263
4989,13,1,2,0,0,16,0.8125
4990,16,1,2,0,0,19,0.8421052631578947
4991,15,1,2,0,0,18,0.8333333333333334
4992,13,1,2,0,0,16,0.8125
4993,14,1,2,0,0,17,0.8235294117647058
4994,14,1,2,0,0,17,0.8235294117647058
4995,14,1,2,0,0,17,0.8235294117647058
4996,16,1,2,0,0,19,0.8421052631578947
4997,14,1,2,0,0,17,0.8235294117647058
4998,14,1,2,0,0,17,0.8235294117647058
4999,15,1,2,0,0,18,0.8333333333333334
5000,15,1,2,0,0,18,0.8333333333333334
5001,17,1,2,0,0,20,0.85
5002,15,1,2,0,0,18,0.8333333333333334
5003,17,1,2,0,0,20,0.85
5004,15,1,2,0,0,18,0.8333333333333334
5005,14,1,1,0,0,16,0.875
5006,16,1,2,0,0,19,0.8421052631578947
5007,13,1,2,0,0,16,0.8125
5008,15,1,2,0,0,18,0.8333333333333334
5009,13,1,1,0,0,15,0.8666666666666667
5010,14,1,2,0,0,17,0.8235294117647058
5011,13,1,2,0,0,16,0.8125
5012,15,1,2,0,0,18,0.8333333333333334
5013,13,1,2,0,0,16,0.8125
5014,14,1,2,0,0,17,0.8235294117647058
5015,16,1,2,0,0,19,0.8421052631578947
5016,14,1,2,0,0,17,0.8235294117647058
5017,16,1,2,0,0,19,0.8421052631578947
5018,14,1,2,0,0,17,0.8235294117647058
5019,15,1,2,0,0,18,0.8333333333333334
5020,16,1,2,0,0,19,0.8421052631578947
5021,14,1,2,0,0,17,0.8235294117647058
5022,16,1,2,0,0,19,0.8421052631578947
5023,16,1,2,0,0,19,0.8421052631578947
5024,15,1,2,0,0,18,0.8333333333333334
5025,14,1,2,0,0,17,0.8235294117647058
5026,14,1,2,0,0,17,0.8235294117647058
5027,14,1,2,0,0,17,0.8235294117647058
5028,15,1,2,0,0,18,0.8333333333333334
5029,14,1,2,0,0,17,0.8235294117647058
5030,14,1,2,0,0,17,0.8235294117647058
5031,15,1,2,0,0,18,0.8333333333333334
5032,16,1,2,0,0,19,0.8421052631578947
5033,16,1,2,0,0,19,0.8421052631578947
5034,16,1,2,0,0,19,0.8421052631578947
5035,15,1,2,0,0,18,0.8333333333333334
5036,15,1,2,0,0,18,0.8333333333333334
5037,14,1,2,0,0,17,0.8235294117647058
5038,16,1,1,0,0,18,0.8888888888888888
5039,14,1,1,0,0,16,0.875
5040,16,1,2,0,0,19,0.8421052631578947
5041,13,1,3,0,0,17,0.7647058823529411
5042,16,1,2,0,0,19,0.8421052631578947
5043,16,1,2,0,0,19,0.8421052631578947
5044,15,1,2,0,0,18,0.8333333333333334
5045,14,1,2,0,0,17,0.8235294117647058
5046,16,1,2,0,0,19,0.8421052631578947
5047,16,1,2,0,0,19,0.8421052631578947
5048,15,1,2,0,0,18,0.8333333333333334
5049,16,1,2,0,0,19,0.8421052631578947
5050,14,1,2,0,0,17,0.8235294117647058
5051,15,1,2,0,0,18,0.8333333333333334
5052,15,1,2,0,0,18,0.8333333333333334
5053,15,1,2,0,0,18,0.8333333333333334
5054,14,1,2,0,0,17,0.8235294117647058
5055,17,1,2,0,0,20,0.85
5056,16,1,2,0,0,19,0.8421052631578947
5057,14,1,2,0,0,17,0.8235294117647058
5058,16,1,2,0,0,19,0.8421052631578947
5059,14,1,2,0,0,17,0.8235294117647058
5060,15,1,2,0,0,18,0.8333333333333334
5061,15,1,2,0,0,18,0.8333333333333334
5062,15,1,2,0,0,18,0.8333333333333334
5063,16,1,2,0,0,19,0.8421052631578947
5064,14,1,3,0,0,18,0.7777777777777778
5065,14,1,2,0,0,17,0.8235294117647058
5066,16,1,2,0,0,19,0.8421052631578947
5067,13,1,2,0,0,16,0.8125
5068,16,1,3,0,0,20,0.8
5069,15,1,2,0,0,18,0.8333333333333334
5070,15,1,2,0,0,18,0.8333333333333334
5071,14,1,3,0,0,18,0.7777777777777778
5072,13,1,2,0,0,16,0.8125
5073,15,1,2,0,0,18,0.8333333333333334
5074,13,1,1,0,0,15,0.8666666666666667
5075,16,1,2,0,0,19,0.8421052631578947
5076,14,1,2,0,0,17,0.8235294117647058
5077,13,1,2,0,0,16,0.8125
5078,14,1,2,0,0,17,0.8235294117647058
5079,14,1,2,0,0,17,0.8235294117647058
5080,16,1,2,0,0,19,0.8421052631578947
5081,12,1,2,0,0,15,0.8
5082,15,1,3,0,0,19,0.7894736842105263
5083,12,1,3,0,0,16,0.75
5084,17,1,1,0,0,19,0.8947368421052632
5085,15,1,3,0,0,19,0.7894736842105263
5086,15,1,3,0,0,19,0.7894736842105263
5087,15,1,3,0,0,19,0.7894736842105263
5088,14,1,3,0,0,18,0.7777777777777778
5089,17,1,2,0,0,20,0.85
5090,14,1,3,0,0,18,0.7777777777777778
5091,13,1,3,0,0,17,0.7647058823529411
5092,16,1,2,0,0,19,0.8421052631578947
5093,15,1,2,0,0,18,0.8333333333333334
5094,15,1,2,0,0,18,0.8333333333333334
5095,13,1,2,0,0,16,0.8125
5096,15,1,2,0,0,18,0.8333333333333334
5097,16,1,2,0,0,19,0.8421052631578947
5098,15,1,2,0,0,18,0.8333333333333334
5099,17,1,2,0,0,20,0.85
5100,14,1,2,0,0,17,0.8235294117647058
5101,16,1,2,0,0,19,0.8421052631578947
5102,13,1,3,0,0,17,0.7647058823529411
5103,11,1,2,0,0,14,0.7857142857142857
5104,14,1,3,0,0,18,0.7777777777777778
5105,14,1,2,0,0,17,0.8235294117647058
5106,15,1,2,0,0,18,0.8333333333333334
5107,12,1,2,0,0,15,0.8
5108,16,1,3,0,0,20,0.8
5109,16,1,2,0,0,19,0.8421052631578947
5110,15,1,3,0,0,19,0.7894736842105263
5111,17,1,3,0,0,21,0.8095238095238095
5112,14,1,3,0,0,18,0.7777777777777778
5113,14,1,2,0,0,17,0.8235294117647058
5114,15,1,2,0,0,18,0.8333333333333334
5115,15,1,3,0,0,19,0.7894736842105263
5116,15,1,2,0,0,18,0.8333333333333334
5117,16,1,2,0,0,19,0.8421052631578947
5118,16,1,2,0,0,19,0.8421052631578947
5119,15,1,3,0,0,19,0.7894736842105263
5120,14,1,3,0,0,18,0.7777777777777778
5121,14,1,3,0,0,18,0.7777777777777778
5122,15,1,3,0,0,19,0.7894736842105263
5123,11,1,3,0,0,15,0.7333333333333333
5124,12,1,3,0,0,16,0.75
5125,15,1,3,0,0,19,0.7894736842105263
5126,13,1,3,0,0,17,0.7647058823529411
5127,14,1,3,0,0,18,0.7777777777777778
5128,14,1,2,0,0,17,0.8235294117647058
5129,15,1,2,0,0,18,0.8333333333333334
5130,15,1,2,0,0,18,0.8333333333333334
5131,16,1,2,0,0,19,0.8421052631578947
5132,16,1,2,0,0,19,0.8421052631578947
5133,15,1,2,0,0,18,0.8333333333333334
5134,15,1,2,0,0,18,0.8333333333333334
5135,15,1,2,0,0,18,0.8333333333333334
5136,15,1,2,0,0,18,0.8333333333333334
5137,16,1,2,0,0,19,0.8421052631578947
5138,15,1,2,0,0,18,0.8333333333333334
5139,16,1,2,0,0,19,0.8421052631578947
5140,14,1,2,0,0,17,0.8235294117647058
5141,16,1,2,0,0,19,0.8421052631578947
5142,16,1,2,0,0,19,0.8421052631578947
5143,17,1,2,0,0,20,0.85
5144,13,1,2,0,0,16,0.8125
5145,14,1,2,0,0,17,0.8235294117647058
5146,13,1,1,0,0,15,0.8666666666666667
5147,13,1,2,0,0,16,0.8125
5148,15,1,2,0,0,18,0.8333333333333334
5149,15,1,2,0,0,18,0.8333333333333334
5150,16,1,2,0,0,19,0.8421052631578947
5151,14,1,2,0,0,17,0.8235294117647058
5152,16,1,2,0,0,19,0.8421052631578947
5153,13,1,2,0,0,16,0.8125
5154,15,1,2,0,0,18,0.8333333333333334
5155,11,1,3,0,0,15,0.7333333333333333
5156,15,1,3,0,0,19,0.7894736842105263
5157,15,1,2,0,0,18,0.8333333333333334
5158,14,1,2,0,0,17,0.8235294117647058
5159,16,1,2,0,0,19,0.8421052631578947
5160,16,1,2,0,0,19,0.8421052631578947
5161,15,1,2,0,0,18,0.8333333333333334
5162,16,1,2,0,0,19,0.8421052631578947
5163,16,1,2,0,0,19,0.8421052631578947
5164,16,1,2,0,0,19,0.8421052631578947
5165,14,1,2,0,0,17,0.8235294117647058
5166,14,1,2,0,0,17,0.8235294117647058
5167,14,1,1,0,0,16,0.875
5168,12,1,2,0,0,15,0.8
5169,14,1,2,0,0,17,0.8235294117647058
5170,15,1,3,0,0,19,0.7894736842105263
5171,12,1,3,0,0,16,0.75
5172,12,1,3,0,0,16,0.75
5173,16,1,3,0,0,20,0.8
5174,13,1,3,0,0,17,0.7647058823529411
5175,15,1,2,0,0,18,0.8333333333333334
5176,15,1,3,0,0,19,0.7894736842105263
5177,14,1,3,0,0,18,0.7777777777777778
5178,14,1,3,0,0,18,0.7777777777777778
5179,15,1,3,0,0,19,0.7894736842105263
5180,13,1,3,0,0,17,0.7647058823529411
5181,16,1,2,0,0,19,0.8421052631578947
5182,14,1,2,0,0,17,0.8235294117647058
5183,14,1,1,0,0,16,0.875
5184,16,1,2,0,0,19,0.8421052631578947
5185,12,1,3,0,0,16,0.75
5186,16,1,2,0,0,19,0.8421052631578947
5187,14,1,3,0,0,18,0.7777777777777778
5188,16,1,3,0,0,20,0.8
5189,15,1,2,0,0,18,0.8333333333333334
5190,16,1,2,0,0,19,0.8421052631578947
5191,16,1,2,0,0,19,0.8421052631578947
5192,16,1,1,0,0,18,0.8888888888888888
5193,15,1,2,0,0,18,0.8333333333333334
5194,14,1,2,0,0,17,0.8235294117647058
5195,16,1,2,0,0,19,0.8421052631578947
5196,16,1,2,0,0,19,0.8421052631578947
5197,16,1,2,0,0,19,0.8421052631578947
5198,16,1,2,0,0,19,0.8421052631578947
5199,14,1,2,0,0,17,0.8235294117647058
5200,15,1,2,0,0,18,0.8333333333333334
5201,13,1,3,0,0,17,0.7647058823529411
5202,14,1,2,0,0,17,0.8235294117647058
5203,15,1,2,0,0,18,0.8333333333333334
5204,15,1,3,0,0,19,0.7894736842105263
5205,14,1,3,0,0,18,0.7777777777777778
5206,16,1,3,0,0,20,0.8
5207,15,1,3,0,0,19,0.7894736842105263
5208,16,1,2,0,0,19,0.8421052631578947
5209,13,1,2,0,0,16,0.8125
5210,16,1,1,0,0,18,0.8888888888888888
5211,15,1,2,0,0,18,0.8333333333333334
5212,15,1,3,0,0,19,0.7894736842105263
5213,15,1,3,0,0,19,0.7894736842105263
5214,14,1,2,0,0,17,0.8235294117647058
5215,13,1,3,0,0,17,0.7647058823529411
5216,14,1,3,0,0,18,0.7777777777777778
5217,15,1,3,0,0,19,0.7894736842105263
5218,15,1,2,0,0,18,0.8333333333333334
5219,14,1,3,0,0,18,0.7777777777777778
5220,13,1,3,0,0,17,0.7647058823529411
5221,16,1,2,0,0,19,0.8421052631578947
5222,13,1,3,0,0,17,0.7647058823529411
5223,13,1,3,0,0,17,0.7647058823529411
5224,15,1,2,0,0,18,0.8333333333333334
5225,15,1,1,0,0,17,0.8823529411764706
5226,14,1,2,0,0,17,0.8235294117647058
5227,15,1,2,0,0,18,0.8333333333333334
5228,16,1,2,0,0,19,0.8421052631578947
5229,15,2,3,0,0,20,0.75
5230,15,1,2,0,0,18,0.8333333333333334
5231,15,1,2,0,0,18,0.8333333333333334
5232,15,1,2,0,0,18,0.8333333333333334
5233,16,1,2,0,0,19,0.8421052631578947
5234,16,1,2,0,0,19,0.8421052631578947
5235,15,1,2,0,0,18,0.8333333333333334
5236,17,1,2,0,0,20,0.85
5237,16,1,2,0,0,19,0.8421052631578947
5238,15,1,2,0,0,18,0.8333333333333334
5239,15,1,2,0,0,18,0.8333333333333334
5240,15,1,2,0,0,18,0.8333333333333334
5241,15,1,2,0,0,18,0.8333333333333334
5242,15,1,2,0,0,18,0.8333333333333334
5243,15,1,2,0,0,18,0.8333333333333334
5244,15,1,2,0,0,18,0.8333333333333334
5245,16,1,2,0,0,19,0.8421052631578947
5246,15,1,2,0,0,18,0.8333333333333334
5247,14,1,2,0,0,17,0.8235294117647058
5248,14,1,3,0,0,18,0.7777777777777778
5249,14,1,3,0,0,18,0.7777777777777778
5250,15,1,2,0,0,18,0.8333333333333334
5251,17,1,2,0,0,20,0.85
5252,15,1,2,0,0,18,0.8333333333333334
5253,16,1,2,0,0,19,0.8421052631578947
5254,15,1,2,0,0,18,0.8333333333333334
5255,15,1,3,0,0,19,0.7894736842105263
5256,15,1,2,0,0,18,0.8333333333333334
5257,14,1,2,0,0,17,0.8235294117647058
5258,15,1,2,0,0,18,0.8333333333333334
5259,14,1,1,0,0,16,0.875
5260,13,1,3,0,0,17,0.7647058823529411
5261,14,1,3,0,0,18,0.7777777777777778
5262,14,1,2,0,0,17,0.8235294117647058
5263,16,1,2,0,0,19,0.8421052631578947
5264,13,1,2,0,0,16,0.8125
5265,15,1,2,0,0,18,0.8333333333333334
5266,14,1,2,0,0,17,0.8235294117647058
5267,15,1,2,0,0,18,0.8333333333333334
5268,13,1,1,0,0,15,0.8666666666666667
5269,14,1,2,0,0,17,0.8235294117647058
5270,15,1,2,0,0,18,0.8333333333333334
5271,14,1,3,0,0,18,0.7777777777777778
5272,14,1,2,0,0,17,0.8235294117647058
5273,15,1,2,0,0,18,0.8333333333333334
5274,14,1,1,0,0,16,0.875
5275,14,1,3,0,0,18,0.7777777777777778
5276,15,1,3,0,0,19,0.7894736842105263
5277,15,1,2,0,0,18,0.8333333333333334
5278,16,1,3,0,0,20,0.8
5279,15,1,3,0,0,19,0.7894736842105263
5280,16,1,3,0,0,20,0.8
5281,13,1,1,0,0,15,0.8666666666666667
5282,14,1,1,0,0,16,0.875
5283,13,1,1,0,0,15,0.8666666666666667
5284,15,1,1,0,0,17,0.8823529411764706
5285,16,1,1,0,0,18,0.8888888888888888
5286,16,1,1,0,0,18,0.8888888888888888
5287,14,1,4,0,0,19,0.7368421052631579
5288,14,1,3,0,0,18,0.7777777777777778
5289,15,1,2,0,0,18,0.8333333333333334
5290,12,1,3,0,0,16,0.75
5291,15,1,2,0,0,18,0.8333333333333334
5292,14,1,1,0,0,16,0.875
5293,15,1,2,0,0,18,0.8333333333333334
5294,14,1,3,0,0,18,0.7777777777777778
5295,13,1,3,0,0,17,0.7647058823529411
5296,14,1,3,0,0,18,0.7777777777777778
5297,13,1,2,0,0,16,0.8125
5298,15,1,3,0,0,19,0.7894736842105263
5299,16,1,3,0,0,20,0.8
5300,12,1,2,0,0,15,0.8
5301,15,1,3,0,0,19,0.7894736842105263
5302,15,1,3,0,0,19,0.7894736842105263
5303,14,1,4,0,0,19,0.7368421052631579
5304,16,1,3,0,0,20,0.8
5305,15,1,3,0,0,19,0.7894736842105263
5306,15,1,3,0,0,19,0.7894736842105263
5307,14,1,2,0,0,17,0.8235294117647058
5308,14,1,3,0,0,18,0.7777777777777778
5309,15,1,2,0,0,18,0.8333333333333334
5310,14,1,3,0,0,18,0.7777777777777778
5311,13,1,3,0,0,17,0.7647058823529411
5312,13,1,3,0,0,17,0.7647058823529411
5313,15,1,3,0,0,19,0.7894736842105263
5314,14,1,3,0,0,18,0.7777777777777778
5315,14,1,3,0,0,18,0.7777777777777778
5316,11,1,3,0,0,15,0.7333333333333333
5317,14,1,3,0,0,18,0.7777777777777778
5318,14,1,3,0,0,18,0.7777777777777778
5319,15,1,2,0,0,18,0.8333333333333334
5320,14,1,3,0,0,18,0.7777777777777778
5321,15,1,2,0,0,18,0.8333333333333334
5322,15,1,3,0,0,19,0.7894736842105263
5323,15,1,3,0,0,19,0.7894736842105263
5324,15,1,3,0,0,19,0.7894736842105263
5325,13,1,3,0,0,17,0.7647058823529411
5326,14,1,3,0,0,18,0.7777777777777778
5327,15,1,3,0,0,19,0.7894736842105263
5328,16,1,3,0,0,20,0.8
5329,13,1,3,0,0,17,0.7647058823529411
5330,13,1,3,0,0,17,0.7647058823529411
5331,13,1,3,0,0,17,0.7647058823529411
5332,13,1,3,0,0,17,0.7647058823529411
5333,14,1,3,0,0,18,0.7777777777777778
5334,12,1,3,0,0,16,0.75
5335,14,1,3,0,0,18,0.7777777777777778
5336,14,1,3,0,0,18,0.7777777777777778
5337,15,1,1,0,0,17,0.8823529411764706
5338,14,1,2,0,0,17,0.8235294117647058
5339,15,1,3,0,0,19,0.7894736842105263
5340,14,1,2,0,0,17,0.8235294117647058
5341,16,1,2,0,0,19,0.8421052631578947
5342,15,1,2,0,0,18,0.8333333333333334
5343,15,1,2,0,0,18,0.8333333333333334
5344,15,1,2,0,0,18,0.8333333333333334
5345,16,1,2,0,0,19,0.8421052631578947
5346,16,1,1,0,0,18,0.8888888888888888
5347,15,1,1,0,0,17,0.8823529411764706
5348,14,1,3,0,0,18,0.7777777777777778
5349,16,1,2,0,0,19,0.8421052631578947
5350,15,1,2,0,0,18,0.8333333333333334
5351,14,1,2,0,0,17,0.8235294117647058
5352,13,1,1,0,0,15,0.8666666666666667
5353,15,1,2,0,0,18,0.8333333333333334
5354,14,1,3,0,0,18,0.7777777777777778
5355,13,1,3,0,0,17,0.7647058823529411
5356,14,1,3,0,0,18,0.7777777777777778
5357,15,1,3,0,0,19,0.7894736842105263
5358,16,1,2,0,0,19,0.8421052631578947
5359,15,1,3,0,0,19,0.7894736842105263
5360,15,1,2,0,0,18,0.8333333333333334
5361,17,1,1,0,0,19,0.8947368421052632
5362,14,1,2,0,0,17,0.8235294117647058
5363,14,1,3,0,0,18,0.7777777777777778
5364,13,1,3,0,0,17,0.7647058823529411
5365,15,1,2,0,0,18,0.8333333333333334
5366,14,1,2,0,0,17,0.8235294117647058
5367,15,1,1,0,0,17,0.8823529411764706
5368,13,1,1,0,0,15,0.8666666666666667
5369,15,1,2,0,0,18,0.8333333333333334
5370,14,1,3,0,0,18,0.7777777777777778
5371,12,1,3,0,0,16,0.75
5372,11,1,2,0,0,14,0.7857142857142857
5373,16,1,3,0,0,20,0.8
5374,10,1,3,0,0,14,0.7142857142857143
5375,12,1,2,0,0,15,0.8
5376,12,1,3,0,0,16,0.75
5377,15,1,3,0,0,19,0.7894736842105263
5378,14,1,3,0,0,18,0.7777777777777778
5379,15,1,3,0,0,19,0.7894736842105263
5380,13,1,3,0,0,17,0.7647058823529411
5381,15,1,3,0,0,19,0.7894736842105263
5382,14,1,3,0,0,18,0.7777777777777778
5383,17,1,2,0,0,20,0.85
5384,16,1,3,0,0,20,0.8
5385,13,1,3,0,0,17,0.7647058823529411
5386,15,1,3,0,0,19,0.7894736842105263
5387,14,1,3,0,0,18,0.7777777777777778
5388,17,1,1,0,0,19,0.8947368421052632
5389,14,1,3,0,0,18,0.7777777777777778
5390,15,1,3,0,0,19,0.7894736842105263
5391,13,1,3,0,0,17,0.7647058823529411
5392,14,1,3,0,0,18,0.7777777777777778
5393,13,1,3,0,0,17,0.7647058823529411
5394,14,1,3,0,0,18,0.7777777777777778
5395,14,1,3,0,0,18,0.7777777777777778
5396,14,1,2,0,0,17,0.8235294117647058
5397,14,1,3,0,0,18,0.7777777777777778
5398,14,1,3,0,0,18,0.7777777777777778
5399,13,1,3,0,0,17,0.7647058823529411
5400,15,1,1,0,0,17,0.8823529411764706
5401,16,1,1,0,0,18,0.8888888888888888
5402,15,1,1,0,0,17,0.8823529411764706
5403,15,1,2,0,0,18,0.8333333333333334
5404,15,1,1,0,0,17,0.8823529411764706
5405,16,1,1,0,0,18,0.8888888888888888
5406,12,1,1,0,0,14,0.8571428571428571
5407,14,1,3,0,0,18,0.7777777777777778
5408,13,1,2,0,0,16,0.8125
5409,14,1,2,0,0,17,0.8235294117647058
5410,15,1,2,0,0,18,0.8333333333333334
5411,16,1,1,0,0,18,0.8888888888888888
5412,13,1,1,0,0,15,0.8666666666666667
5413,15,1,2,0,0,18,0.8333333333333334
5414,15,1,2,0,0,18,0.8333333333333334
5415,13,1,3,0,0,17,0.7647058823529411
5416,15,1,3,0,0,19,0.7894736842105263
5417,15,1,3,0,0,19,0.7894736842105263
5418,15,1,2,0,0,18,0.8333333333333334
5419,14,1,1,0,0,16,0.875
5420,12,1,2,0,0,15,0.8
5421,15,1,2,0,0,18,0.8333333333333334
5422,15,1,2,0,0,18,0.8333333333333334
5423,14,1,2,0,0,17,0.8235294117647058
5424,15,1,3,0,0,19,0.7894736842105263
5425,16,1,3,0,0,20,0.8
5426,15,1,3,0,0,19,0.7894736842105263
5427,14,1,3,0,0,18,0.7777777777777778
5428,15,1,3,0,0,19,0.7894736842105263
5429,16,1,2,0,0,19,0.8421052631578947
5430,11,1,3,0,0,15,0.7333333333333333
5431,13,1,3,0,0,17,0.7647058823529411
5432,12,0,3,0,0,15,0.8
5433,13,1,3,0,0,17,0.7647058823529411
5434,12,0,3,0,0,15,0.8
5435,12,0,3,0,0,15,0.8
5436,12,0,3,0,0,15,0.8
5437,14,0,3,0,0,17,0.8235294117647058
5438,15,1,3,0,0,19,0.7894736842105263
5439,15,1,3,0,0,19,0.7894736842105263
5440,14,1,3,0,0,18,0.7777777777777778
5441,14,1,3,0,0,18,0.7777777777777778
5442,16,1,3,0,0,20,0.8
5443,15,1,3,0,0,19,0.7894736842105263
5444,14,1,3,0,0,18,0.7777777777777778
5445,15,1,3,0,0,19,0.7894736842105263
5446,14,1,3,0,0,18,0.7777777777777778
5447,15,1,2,0,0,18,0.8333333333333334
5448,14,1,3,0,0,18,0.7777777777777778
5449,15,1,3,0,0,19,0.7894736842105263
5450,15,1,3,0,0,19,0.7894736842105263
5451,12,2,3,0,0,17,0.7058823529411765
5452,15,1,2,0,0,18,0.8333333333333334
5453,15,1,2,0,0,18,0.8333333333333334
5454,16,1,3,0,0,20,0.8
5455,16,1,2,0,0,19,0.8421052631578947
5456,12,1,3,0,0,16,0.75
5457,14,1,3,0,0,18,0.7777777777777778
5458,17,1,3,0,0,21,0.8095238095238095
5459,14,1,3,0,0,18,0.7777777777777778
5460,15,1,3,0,0,19,0.7894736842105263
5461,13,1,3,0,0,17,0.7647058823529411
5462,15,1,3,0,0,19,0.7894736842105263
5463,10,1,2,0,0,13,0.7692307692307693
5464,15,1,3,0,0,19,0.7894736842105263
5465,13,1,3,0,0,17,0.7647058823529411
5466,14,1,3,0,0,18,0.7777777777777778
5467,15,1,3,0,0,19,0.7894736842105263
5468,16,1,1,0,0,18,0.8888888888888888
5469,14,1,1,0,0,16,0.875
5470,16,1,1,0,0,18,0.8888888888888888
5471,13,1,3,0,0,17,0.7647058823529411
5472,17,1,2,0,0,20,0.85
5473,16,1,2,0,0,19,0.8421052631578947
5474,14,1,3,0,0,18,0.7777777777777778
5475,14,1,2,0,0,17,0.8235294117647058
5476,15,1,2,0,0,18,0.8333333333333334
5477,16,1,3,0,0,20,0.8
5478,15,1,3,0,0,19,0.7894736842105263
5479,13,1,3,0,0,17,0.7647058823529411
5480,13,1,3,0,0,17,0.7647058823529411
5481,16,1,2,0,0,19,0.8421052631578947
5482,13,1,1,0,0,15,0.8666666666666667
5483,14,1,1,0,0,16,0.875
5484,14,1,2,0,0,17,0.8235294117647058
5485,14,1,3,0,0,18,0.7777777777777778
5486,14,1,3,0,0,18,0.7777777777777778
5487,14,1,2,0,0,17,0.8235294117647058
5488,15,1,2,0,0,18,0.8333333333333334
5489,15,1,2,0,0,18,0.8333333333333334
5490,15,1,2,0,0,18,0.8333333333333334
5491,15,1,2,0,0,18,0.8333333333333334
5492,15,1,2,0,0,18,0.8333333333333334
5493,15,1,2,0,0,18,0.8333333333333334
5494,16,1,2,0,0,19,0.8421052631578947
5495,15,1,2,0,0,18,0.8333333333333334
5496,16,1,2,0,0,19,0.8421052631578947
5497,14,1,2,0,0,17,0.8235294117647058
5498,16,1,2,0,0,19,0.8421052631578947
5499,15,1,2,0,0,18,0.8333333333333334
5500,15,1,2,0,0,18,0.8333333333333334
5501,13,1,2,0,0,16,0.8125
5502,15,1,2,0,0,18,0.8333333333333334
5503,14,1,2,0,0,17,0.8235294117647058
5504,16,1,3,0,0,20,0.8
5505,14,1,3,0,0,18,0.7777777777777778
5506,13,1,3,0,0,17,0.7647058823529411
5507,13,1,2,0,0,16,0.8125
5508,15,1,3,0,0,19,0.7894736842105263
5509,15,1,3,0,0,19,0.7894736842105263
5510,15,1,2,0,0,18,0.8333333333333334
5511,14,1,2,0,0,17,0.8235294117647058
5512,12,1,3,0,0,16,0.75
5513,15,1,3,0,0,19,0.7894736842105263
5514,13,1,3,0,0,17,0.7647058823529411
5515,13,1,3,0,0,17,0.7647058823529411
5516,13,1,3,0,0,17,0.7647058823529411
5517,16,1,3,0,0,20,0.8
5518,14,1,2,0,0,17,0.8235294117647058
5519,15,2,2,0,0,19,0.7894736842105263
5520,15,1,2,0,0,18,0.8333333333333334
5521,15,1,3,0,0,19,0.7894736842105263
5522,12,1,2,0,0,15,0.8
5523,13,1,3,0,0,17,0.7647058823529411
5524,12,1,2,0,0,15,0.8
5525,14,1,3,0,0,18,0.7777777777777778
5526,15,1,3,0,0,19,0.7894736842105263
5527,12,1,2,0,0,15,0.8
5528,13,1,2,0,0,16,0.8125
5529,14,1,2,0,0,17,0.8235294117647058
5530,15,1,3,0,0,19,0.7894736842105263
5531,15,1,1,0,0,17,0.8823529411764706
5532,14,1,3,0,0,18,0.7777777777777778
5533,14,1,3,0,0,18,0.7777777777777778
5534,15,1,3,0,0,19,0.7894736842105263
5535,13,1,1,0,0,15,0.8666666666666667
5536,12,1,1,0,0,14,0.8571428571428571
5537,14,1,1,0,0,16,0.875
5538,12,1,3,0,0,16,0.75
5539,13,1,3,0,0,17,0.7647058823529411
5540,13,1,3,0,0,17,0.7647058823529411
5541,14,1,3,0,0,18,0.7777777777777778
5542,12,1,3,0,0,16,0.75
5543,13,1,3,0,0,17,0.7647058823529411
5544,12,1,3,0,0,16,0.75
5545,15,1,3,0,0,19,0.7894736842105263
5546,15,1,1,0,0,17,0.8823529411764706
5547,15,1,2,0,0,18,0.8333333333333334
5548,14,1,3,0,0,18,0.7777777777777778
5549,11,1,3,0,0,15,0.7333333333333333
5550,14,0,3,0,0,17,0.8235294117647058
5551,12,0,3,0,0,15,0.8
5552,14,1,3,0,0,18,0.7777777777777778
5553,13,1,3,0,0,17,0.7647058823529411
5554,11,0,3,0,0,14,0.7857142857142857
5555,13,0,3,0,0,16,0.8125
5556,13,1,3,0,0,17,0.7647058823529411
5557,13,1,3,0,0,17,0.7647058823529411
5558,13,1,3,0,0,17,0.7647058823529411
5559,14,1,3,0,0,18,0.7777777777777778
5560,14,1,3,0,0,18,0.7777777777777778
5561,14,0,3,0,0,17,0.8235294117647058
5562,14,1,3,0,0,18,0.7777777777777778
5563,13,1,3,0,0,17,0.7647058823529411
5564,12,1,3,0,0,16,0.75
5565,14,1,3,0,0,18,0.7777777777777778
5566,13,1,1,0,0,15,0.8666666666666667
5567,12,1,3,0,0,16,0.75
5568,13,1,3,0,0,17,0.7647058823529411
5569,13,0,3,0,0,16,0.8125
5570,12,0,2,0,0,14,0.8571428571428571
5571,13,1,2,0,0,16,0.8125
5572,12,0,3,0,0,15,0.8
5573,12,0,2,0,0,14,0.8571428571428571
5574,13,1,3,0,0,17,0.7647058823529411
5575,14,1,3,0,0,18,0.7777777777777778
5576,13,1,3,0,0,17,0.7647058823529411
5577,13,1,3,0,0,17,0.7647058823529411
5578,13,1,3,0,0,17,0.7647058823529411
5579,16,1,3,1,0,21,0.7619047619047619
5580,14,1,3,0,0,18,0.7777777777777778
5581,14,1,3,0,0,18,0.7777777777777778
5582,15,2,3,1,0,21,0.7142857142857143
5583,15,1,3,0,0,19,0.7894736842105263
5584,11,1,3,1,0,16,0.6875
5585,12,1,2,0,0,15,0.8
5586,15,1,3,0,0,19,0.7894736842105263
5587,14,1,1,0,0,16,0.875
5588,13,1,1,1,0,16,0.8125
5589,15,1,1,0,0,17,0.8823529411764706
5590,14,1,3,0,0,18,0.7777777777777778
5591,9,1,4,0,0,14,0.6428571428571429
5592,12,1,3,0,0,16,0.75
5593,12,0,2,0,0,14,0.8571428571428571
5594,14,1,3,0,0,18,0.7777777777777778
5595,14,1,3,0,0,18,0.7777777777777778
5596,14,0,3,0,0,17,0.8235294117647058
5597,14,1,3,0,0,18,0.7777777777777778
5598,14,1,3,0,0,18,0.7777777777777778
5599,13,1,3,0,0,17,0.7647058823529411
